Term	inDocumentsCount	RawFrequency	RelativeFrequency	RelativePeakedness	RelativeSkewness	Distributions
ⲡ	1	1353	0.06280171	NaN	NaN	0.12560342
ⲛ	1	1081	0.050176382	NaN	NaN	0.100352764
ⲉ	1	457	0.021212403	NaN	NaN	0.042424805
ϩⲛ	1	420	0.019494986	NaN	NaN	0.038989972
ⲛⲧⲟϥ	1	413	0.01917007	NaN	NaN	0.03834014
ⲁⲩⲱ	1	304	0.014110657	NaN	NaN	0.028221315
ⲛⲧⲟⲟⲩ	1	284	0.013182324	NaN	NaN	0.026364649
ⲁ	1	252	0.011696992	NaN	NaN	0.023393985
ⲡⲉϥ	1	249	0.011557742	NaN	NaN	0.023115484
ⲟⲩ	1	232	0.010768659	NaN	NaN	0.021537319
ⲉⲣⲉ	1	185	0.008587077	NaN	NaN	0.017174155
ⲛⲁ	1	165	0.0076587447	NaN	NaN	0.015317489
ⲙⲛ	1	156	0.0072409953	NaN	NaN	0.014481991
ⲉⲧⲉⲣⲉ	1	137	0.006359079	NaN	NaN	0.012718158
ⲡⲉⲕ	1	135	0.0062662456	NaN	NaN	0.012532491
ⲉϩⲟⲩⲛ	1	134	0.006219829	NaN	NaN	0.012439658
ⲉⲃⲟⲗ	1	115	0.005337913	NaN	NaN	0.010675826
ϫⲉ	1	105	0.0048737465	NaN	NaN	0.009747493
ⲃⲱⲕ	1	105	0.0048737465	NaN	NaN	0.009747493
ⲇⲉ	1	104	0.00482733	NaN	NaN	0.00965466
ⲡⲁ	1	98	0.0045488304	NaN	NaN	0.009097661
ϫⲟⲉⲓⲥ	1	94	0.004363164	NaN	NaN	0.008726328
ⲁⲛⲟⲕ	1	94	0.004363164	NaN	NaN	0.008726328
ⲉϩⲣⲁⲓ	1	93	0.004316747	NaN	NaN	0.008633494
ⲛⲧⲟⲥ	1	82	0.003806164	NaN	NaN	0.007612328
ⲛⲧⲟⲕ	1	78	0.0036204976	NaN	NaN	0.0072409953
ⲡⲉⲩ	1	78	0.0036204976	NaN	NaN	0.0072409953
ⲛⲧⲉ	1	74	0.003434831	NaN	NaN	0.006869662
ⲛⲟⲩⲧⲉ	1	65	0.0030170814	NaN	NaN	0.006034163
ⲡⲉ	1	61	0.0028314148	NaN	NaN	0.0056628296
ⲧⲏⲣ	1	56	0.0025993316	NaN	NaN	0.005198663
ⲉϫⲛ	1	53	0.0024600816	NaN	NaN	0.004920163
ⲉⲓ	1	53	0.0024600816	NaN	NaN	0.004920163
ⲉⲓⲱⲧ	1	49	0.0022744152	NaN	NaN	0.0045488304
ⲕⲱⲧ	1	48	0.0022279986	NaN	NaN	0.004455997
ϣⲱⲡⲉ	1	46	0.0021351653	NaN	NaN	0.0042703305
ⲛⲧⲱⲧⲛ	1	44	0.002042332	NaN	NaN	0.004084664
ⲡⲁⲓ	1	42	0.0019494987	NaN	NaN	0.0038989973
ⲡⲉⲥ	1	40	0.0018566655	NaN	NaN	0.003713331
ⲁⲛⲟⲛ	1	38	0.0017638322	NaN	NaN	0.0035276643
ⲉⲓⲣⲉ	1	38	0.0017638322	NaN	NaN	0.0035276643
ⲛⲉⲣⲉ	1	36	0.0016709989	NaN	NaN	0.0033419977
ⲣⲣⲟ	1	36	0.0016709989	NaN	NaN	0.0033419977
ϩⲉ	1	35	0.0016245822	NaN	NaN	0.0032491644
ⲣⲱⲙⲉ	1	33	0.001531749	NaN	NaN	0.003063498
ϫⲓ	1	32	0.0014853324	NaN	NaN	0.0029706648
ⲓⲏ	1	32	0.0014853324	NaN	NaN	0.0029706648
ⲛϭⲓ	1	32	0.0014853324	NaN	NaN	0.0029706648
ⲟⲩⲱϩ	1	30	0.0013924991	NaN	NaN	0.0027849982
ⲅⲁⲣ	1	25	0.0011604159	NaN	NaN	0.0023208319
ⲇⲁⲩⲉⲓⲇ	1	25	0.0011604159	NaN	NaN	0.0023208319
ⲕⲁⲧⲁ	1	25	0.0011604159	NaN	NaN	0.0023208319
ϫⲱ	1	24	0.0011139993	NaN	NaN	0.0022279986
ⲁⲛ	1	24	0.0011139993	NaN	NaN	0.0022279986
ⲡⲉϫⲉ	1	24	0.0011139993	NaN	NaN	0.0022279986
ϣⲏⲣⲉ	1	23	0.0010675826	NaN	NaN	0.0021351653
ⲓⲟⲩⲇⲁ	1	22	0.001021166	NaN	NaN	0.002042332
ⲡⲉⲛ	1	22	0.001021166	NaN	NaN	0.002042332
ϯ	1	21	9.7474933E-4	NaN	NaN	0.0019494987
ⲡⲉⲧⲛ	1	21	9.7474933E-4	NaN	NaN	0.0019494987
ⲙⲟⲩϩ	1	20	9.2833274E-4	NaN	NaN	0.0018566655
ⲙⲡⲉ	1	20	9.2833274E-4	NaN	NaN	0.0018566655
ⲥⲟⲛ	1	20	9.2833274E-4	NaN	NaN	0.0018566655
ϩⲓ	1	19	8.819161E-4	NaN	NaN	0.0017638322
ⲕⲱ	1	19	8.819161E-4	NaN	NaN	0.0017638322
ⲙⲁ	1	19	8.819161E-4	NaN	NaN	0.0017638322
ⲛⲓⲙ	1	19	8.819161E-4	NaN	NaN	0.0017638322
ⲡⲁⲧⲣⲓⲁ	1	19	8.819161E-4	NaN	NaN	0.0017638322
ϩⲙϩⲁⲗ	1	18	8.3549944E-4	NaN	NaN	0.0016709989
ϩⲟⲟⲩ	1	18	8.3549944E-4	NaN	NaN	0.0016709989
ⲉⲧⲃⲉ	1	18	8.3549944E-4	NaN	NaN	0.0016709989
ⲓⲁⲕⲱⲃ	1	18	8.3549944E-4	NaN	NaN	0.0016709989
ⲓⲥⲣⲁⲏⲗ	1	18	8.3549944E-4	NaN	NaN	0.0016709989
ⲗⲁⲁⲩ	1	18	8.3549944E-4	NaN	NaN	0.0016709989
ⲡⲉⲓ	1	18	8.3549944E-4	NaN	NaN	0.0016709989
ⲙⲙⲁⲩ	1	17	7.890828E-4	NaN	NaN	0.0015781656
ⲥⲙⲟⲩ	1	17	7.890828E-4	NaN	NaN	0.0015781656
ϣⲁ	1	16	7.426662E-4	NaN	NaN	0.0014853324
ⲛⲥⲁ	1	16	7.426662E-4	NaN	NaN	0.0014853324
ⲡⲟⲩ	1	16	7.426662E-4	NaN	NaN	0.0014853324
ⲥⲁⲟⲩⲗ	1	16	7.426662E-4	NaN	NaN	0.0014853324
ⲕⲧⲟ	1	15	6.9624954E-4	NaN	NaN	0.0013924991
ϣⲁⲣⲉ	1	14	6.498329E-4	NaN	NaN	0.0012996658
ϩⲁ	1	14	6.498329E-4	NaN	NaN	0.0012996658
ⲛⲁⲩ	1	14	6.498329E-4	NaN	NaN	0.0012996658
ⲡⲟⲗⲓⲥ	1	14	6.498329E-4	NaN	NaN	0.0012996658
ⲣⲟ	1	14	6.498329E-4	NaN	NaN	0.0012996658
ⲥⲱⲧⲙ	1	14	6.498329E-4	NaN	NaN	0.0012996658
ⲧⲣⲉ	1	14	6.498329E-4	NaN	NaN	0.0012996658
ⲕⲏⲙⲉ	1	13	6.0341624E-4	NaN	NaN	0.0012068325
ϣⲁϫⲉ	1	12	5.5699964E-4	NaN	NaN	0.0011139993
ϩⲓϫⲛ	1	12	5.5699964E-4	NaN	NaN	0.0011139993
ⲉⲕⲉ	1	12	5.5699964E-4	NaN	NaN	0.0011139993
ⲛⲟϭ	1	12	5.5699964E-4	NaN	NaN	0.0011139993
ⲟⲩⲁ	1	12	5.5699964E-4	NaN	NaN	0.0011139993
ⲟⲩⲱⲙ	1	12	5.5699964E-4	NaN	NaN	0.0011139993
ⲥϩⲓⲙⲉ	1	12	5.5699964E-4	NaN	NaN	0.0011139993
ϣⲓⲛⲉ	1	11	5.10583E-4	NaN	NaN	0.001021166
ⲉϣⲱⲡⲉ	1	11	5.10583E-4	NaN	NaN	0.001021166
ⲙⲟⲩ	1	11	5.10583E-4	NaN	NaN	0.001021166
ⲙⲟⲩⲧⲉ	1	11	5.10583E-4	NaN	NaN	0.001021166
ⲛⲛⲉ	1	11	5.10583E-4	NaN	NaN	0.001021166
ⲧⲙ	1	11	5.10583E-4	NaN	NaN	0.001021166
ϭⲉ	1	10	4.6416637E-4	NaN	NaN	9.2833274E-4
ⲁⲣⲭⲱⲛ	1	10	4.6416637E-4	NaN	NaN	9.2833274E-4
ⲉⲣⲉ_ⲛⲧⲟϥ	1	10	4.6416637E-4	NaN	NaN	9.2833274E-4
ⲕⲉ	1	10	4.6416637E-4	NaN	NaN	9.2833274E-4
ⲙⲏⲧⲉ	1	10	4.6416637E-4	NaN	NaN	9.2833274E-4
ⲙⲛⲧϩⲙϩⲁⲗ	1	10	4.6416637E-4	NaN	NaN	9.2833274E-4
ⲙⲟⲟϣⲉ	1	10	4.6416637E-4	NaN	NaN	9.2833274E-4
ⲛⲟⲩϫⲉ	1	10	4.6416637E-4	NaN	NaN	9.2833274E-4
ⲟⲛ	1	10	4.6416637E-4	NaN	NaN	9.2833274E-4
ϩⲙⲟⲟⲥ	1	9	4.1774972E-4	NaN	NaN	8.3549944E-4
ϩⲱⲛ	1	9	4.1774972E-4	NaN	NaN	8.3549944E-4
ϫⲟⲟⲩ	1	9	4.1774972E-4	NaN	NaN	8.3549944E-4
ⲁϣ	1	9	4.1774972E-4	NaN	NaN	8.3549944E-4
ⲉⲣⲁⲧ	1	9	4.1774972E-4	NaN	NaN	8.3549944E-4
ⲗⲁⲟⲥ	1	9	4.1774972E-4	NaN	NaN	8.3549944E-4
ⲛⲧⲉⲣⲉ	1	9	4.1774972E-4	NaN	NaN	8.3549944E-4
ⲧⲁⲕⲟ	1	9	4.1774972E-4	NaN	NaN	8.3549944E-4
ϣⲧⲉⲕⲟ	1	8	3.713331E-4	NaN	NaN	7.426662E-4
ϩⲏⲧ	1	8	3.713331E-4	NaN	NaN	7.426662E-4
ϭⲱ	1	8	3.713331E-4	NaN	NaN	7.426662E-4
ⲉⲓⲛⲉ	1	8	3.713331E-4	NaN	NaN	7.426662E-4
ⲉⲛⲉ	1	8	3.713331E-4	NaN	NaN	7.426662E-4
ⲉⲟⲟⲩ	1	8	3.713331E-4	NaN	NaN	7.426662E-4
ⲙⲁⲣⲉ	1	8	3.713331E-4	NaN	NaN	7.426662E-4
ⲙⲛⲛⲥⲁ	1	8	3.713331E-4	NaN	NaN	7.426662E-4
ⲟⲩⲟⲡ	1	8	3.713331E-4	NaN	NaN	7.426662E-4
ϣⲗⲏⲗ	1	7	3.2491644E-4	NaN	NaN	6.498329E-4
ϥⲓ	1	7	3.2491644E-4	NaN	NaN	6.498329E-4
ⲉⲛⲉϩ	1	7	3.2491644E-4	NaN	NaN	6.498329E-4
ⲏ	1	7	3.2491644E-4	NaN	NaN	6.498329E-4
ⲕⲁϩ	1	7	3.2491644E-4	NaN	NaN	6.498329E-4
ⲙⲡⲣ	1	7	3.2491644E-4	NaN	NaN	6.498329E-4
ⲙⲧⲟ	1	7	3.2491644E-4	NaN	NaN	6.498329E-4
ⲛⲁϣⲉ	1	7	3.2491644E-4	NaN	NaN	6.498329E-4
ⲛⲧⲟ	1	7	3.2491644E-4	NaN	NaN	6.498329E-4
ⲟⲩϫⲁⲓ	1	7	3.2491644E-4	NaN	NaN	6.498329E-4
ⲣⲉ	1	7	3.2491644E-4	NaN	NaN	6.498329E-4
ⲥⲱⲟⲩϩ	1	7	3.2491644E-4	NaN	NaN	6.498329E-4
ⲧⲉⲛⲟⲩ	1	7	3.2491644E-4	NaN	NaN	6.498329E-4
unknown	1	6	2.7849982E-4	NaN	NaN	5.5699964E-4
ϣⲟⲣⲡ	1	6	2.7849982E-4	NaN	NaN	5.5699964E-4
ϩⲁϩ	1	6	2.7849982E-4	NaN	NaN	5.5699964E-4
ϩⲁⲣⲉϩ	1	6	2.7849982E-4	NaN	NaN	5.5699964E-4
ϩⲟⲩⲟ	1	6	2.7849982E-4	NaN	NaN	5.5699964E-4
ϩⲣⲁⲓ	1	6	2.7849982E-4	NaN	NaN	5.5699964E-4
ⲁⲗⲗⲁ	1	6	2.7849982E-4	NaN	NaN	5.5699964E-4
ⲉϩⲟⲩⲉ	1	6	2.7849982E-4	NaN	NaN	5.5699964E-4
ⲉⲓⲥ	1	6	2.7849982E-4	NaN	NaN	5.5699964E-4
ⲕⲱⲧⲉ	1	6	2.7849982E-4	NaN	NaN	5.5699964E-4
ⲙⲁⲁⲩ	1	6	2.7849982E-4	NaN	NaN	5.5699964E-4
ⲛⲣⲉϥϯϭⲱⲛⲧ	1	6	2.7849982E-4	NaN	NaN	5.5699964E-4
ⲟⲩⲇⲉ	1	6	2.7849982E-4	NaN	NaN	5.5699964E-4
ⲟⲩⲟⲛ	1	6	2.7849982E-4	NaN	NaN	5.5699964E-4
ⲣⲙⲛ	1	6	2.7849982E-4	NaN	NaN	5.5699964E-4
ⲥⲓⲙⲱⲛ	1	6	2.7849982E-4	NaN	NaN	5.5699964E-4
ⲫⲩⲗⲏ	1	6	2.7849982E-4	NaN	NaN	5.5699964E-4
ⲱϩⲉ	1	6	2.7849982E-4	NaN	NaN	5.5699964E-4
ϣⲱⲗ	1	5	2.3208318E-4	NaN	NaN	4.6416637E-4
ϩⲁⲓ	1	5	2.3208318E-4	NaN	NaN	4.6416637E-4
ϩⲁⲧⲛ	1	5	2.3208318E-4	NaN	NaN	4.6416637E-4
ϩⲏⲏⲧⲉ	1	5	2.3208318E-4	NaN	NaN	4.6416637E-4
ϩⲟⲩⲛ	1	5	2.3208318E-4	NaN	NaN	4.6416637E-4
ϫⲓⲛϭⲟⲛⲥ	1	5	2.3208318E-4	NaN	NaN	4.6416637E-4
ϫⲛⲟⲩ	1	5	2.3208318E-4	NaN	NaN	4.6416637E-4
ϭⲓϫ	1	5	2.3208318E-4	NaN	NaN	4.6416637E-4
ⲃⲟⲗ	1	5	2.3208318E-4	NaN	NaN	4.6416637E-4
ⲃⲣⲣⲉ	1	5	2.3208318E-4	NaN	NaN	4.6416637E-4
ⲉⲓⲣⲏⲛⲏ	1	5	2.3208318E-4	NaN	NaN	4.6416637E-4
ⲉⲣϣⲁⲛ_ⲛⲧⲟⲕ	1	5	2.3208318E-4	NaN	NaN	4.6416637E-4
ⲓⲏⲥⲟⲩⲥ	1	5	2.3208318E-4	NaN	NaN	4.6416637E-4
ⲓⲱⲥⲏⲫ	1	5	2.3208318E-4	NaN	NaN	4.6416637E-4
ⲙⲙⲓⲭⲁ	1	5	2.3208318E-4	NaN	NaN	4.6416637E-4
ⲙⲡⲣⲧⲣⲉ	1	5	2.3208318E-4	NaN	NaN	4.6416637E-4
ⲛⲁⲃⲓⲇⲇⲁⲣⲁ	1	5	2.3208318E-4	NaN	NaN	4.6416637E-4
ⲛⲓⲱⲛⲁⲑⲁⲛ	1	5	2.3208318E-4	NaN	NaN	4.6416637E-4
ⲟⲩⲉ	1	5	2.3208318E-4	NaN	NaN	4.6416637E-4
ⲟⲩⲱⲧ	1	5	2.3208318E-4	NaN	NaN	4.6416637E-4
ⲡⲱϣ	1	5	2.3208318E-4	NaN	NaN	4.6416637E-4
ⲣⲁⲛ	1	5	2.3208318E-4	NaN	NaN	4.6416637E-4
ⲥⲙⲓⲛⲉ	1	5	2.3208318E-4	NaN	NaN	4.6416637E-4
ⲥⲛⲧⲉ	1	5	2.3208318E-4	NaN	NaN	4.6416637E-4
ⲧⲁⲉⲓⲟ	1	5	2.3208318E-4	NaN	NaN	4.6416637E-4
ⲧⲱⲟⲩⲛ	1	5	2.3208318E-4	NaN	NaN	4.6416637E-4
ⲫⲁⲣⲁⲱ	1	5	2.3208318E-4	NaN	NaN	4.6416637E-4
ϣⲙϣⲉ	1	4	1.8566655E-4	NaN	NaN	3.713331E-4
ϣⲡⲏⲣⲉ	1	4	1.8566655E-4	NaN	NaN	3.713331E-4
ϩⲁⲧ	1	4	1.8566655E-4	NaN	NaN	3.713331E-4
ϩⲓⲧⲛ	1	4	1.8566655E-4	NaN	NaN	3.713331E-4
ⲁⲁⲣⲱⲛ	1	4	1.8566655E-4	NaN	NaN	3.713331E-4
ⲁⲩⲗⲏ	1	4	1.8566655E-4	NaN	NaN	3.713331E-4
ⲃⲱⲗ	1	4	1.8566655E-4	NaN	NaN	3.713331E-4
ⲅⲣⲁⲙⲙⲁⲧⲉⲩⲥ	1	4	1.8566655E-4	NaN	NaN	3.713331E-4
ⲇⲁⲇ	1	4	1.8566655E-4	NaN	NaN	3.713331E-4
ⲇⲓⲕⲁⲓⲟⲥ	1	4	1.8566655E-4	NaN	NaN	3.713331E-4
ⲉⲣϣⲁⲛ	1	4	1.8566655E-4	NaN	NaN	3.713331E-4
ⲉⲣϣⲁⲛ_ⲛⲧⲟϥ	1	4	1.8566655E-4	NaN	NaN	3.713331E-4
ⲉⲣⲉ_ⲛⲧⲟⲟⲩ	1	4	1.8566655E-4	NaN	NaN	3.713331E-4
ⲕⲱϩⲧ	1	4	1.8566655E-4	NaN	NaN	3.713331E-4
ⲙⲉ	1	4	1.8566655E-4	NaN	NaN	3.713331E-4
ⲙⲏ	1	4	1.8566655E-4	NaN	NaN	3.713331E-4
ⲛⲕⲁ	1	4	1.8566655E-4	NaN	NaN	3.713331E-4
ⲛⲗⲉⲩⲉⲓ	1	4	1.8566655E-4	NaN	NaN	3.713331E-4
ⲛⲟϭⲛⲉϭ	1	4	1.8566655E-4	NaN	NaN	3.713331E-4
ⲟⲩⲧⲉ	1	4	1.8566655E-4	NaN	NaN	3.713331E-4
ⲟⲩⲱϣ	1	4	1.8566655E-4	NaN	NaN	3.713331E-4
ⲡⲓ	1	4	1.8566655E-4	NaN	NaN	3.713331E-4
ⲣⲁⲧ	1	4	1.8566655E-4	NaN	NaN	3.713331E-4
ⲣⲟⲉⲓⲥ	1	4	1.8566655E-4	NaN	NaN	3.713331E-4
ⲣⲱⲕϩ	1	4	1.8566655E-4	NaN	NaN	3.713331E-4
ⲥϩⲁⲓ	1	4	1.8566655E-4	NaN	NaN	3.713331E-4
ⲥⲁ	1	4	1.8566655E-4	NaN	NaN	3.713331E-4
ⲥⲁⲃⲉ	1	4	1.8566655E-4	NaN	NaN	3.713331E-4
ⲥⲟⲟⲩⲛ	1	4	1.8566655E-4	NaN	NaN	3.713331E-4
ⲥⲟⲡ	1	4	1.8566655E-4	NaN	NaN	3.713331E-4
ⲥⲡⲉⲣⲙⲁ	1	4	1.8566655E-4	NaN	NaN	3.713331E-4
ⲥⲩⲛⲁⲅⲱⲅⲏ	1	4	1.8566655E-4	NaN	NaN	3.713331E-4
ⲧⲁϩⲟ	1	4	1.8566655E-4	NaN	NaN	3.713331E-4
ⲧⲁⲙⲓⲟ	1	4	1.8566655E-4	NaN	NaN	3.713331E-4
ⲧⲱⲣⲡ	1	4	1.8566655E-4	NaN	NaN	3.713331E-4
ⲯⲩⲭⲏ	1	4	1.8566655E-4	NaN	NaN	3.713331E-4
ϣⲁⲛ	1	3	1.3924991E-4	NaN	NaN	2.7849982E-4
ϣⲉ	1	3	1.3924991E-4	NaN	NaN	2.7849982E-4
ϣⲙⲙⲟ	1	3	1.3924991E-4	NaN	NaN	2.7849982E-4
ϣⲟⲙⲛⲧ	1	3	1.3924991E-4	NaN	NaN	2.7849982E-4
ϣⲟⲣϣⲣ	1	3	1.3924991E-4	NaN	NaN	2.7849982E-4
ϣⲱϫⲡ	1	3	1.3924991E-4	NaN	NaN	2.7849982E-4
ϣⲱⲡ	1	3	1.3924991E-4	NaN	NaN	2.7849982E-4
ϩⲏⲕⲉ	1	3	1.3924991E-4	NaN	NaN	2.7849982E-4
ϩⲓⲏ	1	3	1.3924991E-4	NaN	NaN	2.7849982E-4
ϩⲓⲟⲩⲉ	1	3	1.3924991E-4	NaN	NaN	2.7849982E-4
ϩⲓⲣⲛ	1	3	1.3924991E-4	NaN	NaN	2.7849982E-4
ϩⲓⲧⲟⲩⲛ	1	3	1.3924991E-4	NaN	NaN	2.7849982E-4
ϩⲟ	1	3	1.3924991E-4	NaN	NaN	2.7849982E-4
ϩⲧⲟⲟⲩⲉ	1	3	1.3924991E-4	NaN	NaN	2.7849982E-4
ϫⲁⲓⲉ	1	3	1.3924991E-4	NaN	NaN	2.7849982E-4
ϫⲉⲕⲁⲁⲥ	1	3	1.3924991E-4	NaN	NaN	2.7849982E-4
ϫⲉⲙ	1	3	1.3924991E-4	NaN	NaN	2.7849982E-4
ϫⲓⲛ	1	3	1.3924991E-4	NaN	NaN	2.7849982E-4
ϫⲓⲥⲉ	1	3	1.3924991E-4	NaN	NaN	2.7849982E-4
ϫⲱⲱⲣⲉ	1	3	1.3924991E-4	NaN	NaN	2.7849982E-4
ϭⲉⲣⲱⲃ	1	3	1.3924991E-4	NaN	NaN	2.7849982E-4
ϭⲱⲧϩ	1	3	1.3924991E-4	NaN	NaN	2.7849982E-4
ⲁⲃⲱⲕ	1	3	1.3924991E-4	NaN	NaN	2.7849982E-4
ⲁⲅⲁⲑⲟⲛ	1	3	1.3924991E-4	NaN	NaN	2.7849982E-4
ⲁⲇⲓⲕⲓⲁ	1	3	1.3924991E-4	NaN	NaN	2.7849982E-4
ⲁⲥⲉⲃⲏⲥ	1	3	1.3924991E-4	NaN	NaN	2.7849982E-4
ⲃⲉ	1	3	1.3924991E-4	NaN	NaN	2.7849982E-4
ⲃⲟⲧⲉ	1	3	1.3924991E-4	NaN	NaN	2.7849982E-4
ⲇⲏⲙⲟⲥ	1	3	1.3924991E-4	NaN	NaN	2.7849982E-4
ⲇⲱⲣⲟⲛ	1	3	1.3924991E-4	NaN	NaN	2.7849982E-4
ⲉϣϫⲉ	1	3	1.3924991E-4	NaN	NaN	2.7849982E-4
ⲉⲓⲙⲉ	1	3	1.3924991E-4	NaN	NaN	2.7849982E-4
ⲉⲡⲓⲧⲓⲙⲓⲁ	1	3	1.3924991E-4	NaN	NaN	2.7849982E-4
ⲓⲉⲣⲉⲙⲓⲁⲥ	1	3	1.3924991E-4	NaN	NaN	2.7849982E-4
ⲕⲓⲙ	1	3	1.3924991E-4	NaN	NaN	2.7849982E-4
ⲕⲗⲏⲣⲟⲛⲟⲙⲓⲁ	1	3	1.3924991E-4	NaN	NaN	2.7849982E-4
ⲕⲱϩ	1	3	1.3924991E-4	NaN	NaN	2.7849982E-4
ⲗⲁⲥ	1	3	1.3924991E-4	NaN	NaN	2.7849982E-4
ⲙⲁⲑⲏⲧⲏⲥ	1	3	1.3924991E-4	NaN	NaN	2.7849982E-4
ⲙⲓⲭⲁ	1	3	1.3924991E-4	NaN	NaN	2.7849982E-4
ⲙⲟⲩϣⲧ	1	3	1.3924991E-4	NaN	NaN	2.7849982E-4
ⲙⲟⲩⲟⲩⲧ	1	3	1.3924991E-4	NaN	NaN	2.7849982E-4
ⲙⲫⲟⲅⲱⲣ	1	3	1.3924991E-4	NaN	NaN	2.7849982E-4
ⲛⲇⲁⲅⲱⲛ	1	3	1.3924991E-4	NaN	NaN	2.7849982E-4
ⲛⲇⲁⲇ	1	3	1.3924991E-4	NaN	NaN	2.7849982E-4
ⲛⲉⲧⲛ	1	3	1.3924991E-4	NaN	NaN	2.7849982E-4
ⲛⲟⲃⲉ	1	3	1.3924991E-4	NaN	NaN	2.7849982E-4
ⲛⲧⲉ_ⲁⲛⲟⲕ	1	3	1.3924991E-4	NaN	NaN	2.7849982E-4
ⲟⲩⲁⲁ	1	3	1.3924991E-4	NaN	NaN	2.7849982E-4
ⲟⲩⲉⲣⲏⲧⲉ	1	3	1.3924991E-4	NaN	NaN	2.7849982E-4
ⲟⲩⲛ	1	3	1.3924991E-4	NaN	NaN	2.7849982E-4
ⲟⲩⲣⲓⲁⲥ	1	3	1.3924991E-4	NaN	NaN	2.7849982E-4
ⲟⲩⲱϣⲧ	1	3	1.3924991E-4	NaN	NaN	2.7849982E-4
ⲟⲩⲱⲛϩ	1	3	1.3924991E-4	NaN	NaN	2.7849982E-4
ⲡⲉⲧ	1	3	1.3924991E-4	NaN	NaN	2.7849982E-4
ⲡⲉⲧⲣⲁ	1	3	1.3924991E-4	NaN	NaN	2.7849982E-4
ⲡⲟⲗⲉⲓⲥ	1	3	1.3924991E-4	NaN	NaN	2.7849982E-4
ⲡⲟⲣⲛⲏ	1	3	1.3924991E-4	NaN	NaN	2.7849982E-4
ⲡⲩⲗⲏ	1	3	1.3924991E-4	NaN	NaN	2.7849982E-4
ⲡⲱⲧ	1	3	1.3924991E-4	NaN	NaN	2.7849982E-4
ⲣϩⲟⲧⲉ	1	3	1.3924991E-4	NaN	NaN	2.7849982E-4
ⲣⲉϥϫⲓ	1	3	1.3924991E-4	NaN	NaN	2.7849982E-4
ⲣⲟⲙⲡⲉ	1	3	1.3924991E-4	NaN	NaN	2.7849982E-4
ⲣⲡⲉ	1	3	1.3924991E-4	NaN	NaN	2.7849982E-4
ⲥⲁⲣⲝ	1	3	1.3924991E-4	NaN	NaN	2.7849982E-4
ⲥⲉⲉⲡⲉ	1	3	1.3924991E-4	NaN	NaN	2.7849982E-4
ⲥⲟⲟⲩϩⲥ	1	3	1.3924991E-4	NaN	NaN	2.7849982E-4
ⲥⲱ	1	3	1.3924991E-4	NaN	NaN	2.7849982E-4
ⲥⲱⲧⲡ	1	3	1.3924991E-4	NaN	NaN	2.7849982E-4
ⲧⲁⲩⲟ	1	3	1.3924991E-4	NaN	NaN	2.7849982E-4
ⲧⲉⲣⲉ	1	3	1.3924991E-4	NaN	NaN	2.7849982E-4
ⲧⲣⲉ_ⲁⲛⲟⲕ	1	3	1.3924991E-4	NaN	NaN	2.7849982E-4
ⲧⲱⲛ	1	3	1.3924991E-4	NaN	NaN	2.7849982E-4
ⲧⲱⲱϭⲉ	1	3	1.3924991E-4	NaN	NaN	2.7849982E-4
ⲫⲁⲣⲓⲥⲥⲁⲓⲟⲥ	1	3	1.3924991E-4	NaN	NaN	2.7849982E-4
ⲭⲣⲉⲓⲁ	1	3	1.3924991E-4	NaN	NaN	2.7849982E-4
ⲭⲣⲏⲙⲁ	1	3	1.3924991E-4	NaN	NaN	2.7849982E-4
ⲱϣ	1	3	1.3924991E-4	NaN	NaN	2.7849982E-4
ⲱⲕ	1	3	1.3924991E-4	NaN	NaN	2.7849982E-4
ⲱⲛϩ	1	3	1.3924991E-4	NaN	NaN	2.7849982E-4
ⲱⲡ	1	3	1.3924991E-4	NaN	NaN	2.7849982E-4
n	1	2	9.2833274E-5	NaN	NaN	1.8566655E-4
ϣ	1	2	9.2833274E-5	NaN	NaN	1.8566655E-4
ϣϣⲉ	1	2	9.2833274E-5	NaN	NaN	1.8566655E-4
ϣⲁϩⲣⲁⲓ	1	2	9.2833274E-5	NaN	NaN	1.8566655E-4
ϣⲁⲃⲟⲗ	1	2	9.2833274E-5	NaN	NaN	1.8566655E-4
ϣⲏ	1	2	9.2833274E-5	NaN	NaN	1.8566655E-4
ϣⲓⲃⲉ	1	2	9.2833274E-5	NaN	NaN	1.8566655E-4
ϣⲧⲁⲙ	1	2	9.2833274E-5	NaN	NaN	1.8566655E-4
ϣⲧⲏⲛ	1	2	9.2833274E-5	NaN	NaN	1.8566655E-4
ϣⲱϥ	1	2	9.2833274E-5	NaN	NaN	1.8566655E-4
ϣⲱⲱⲧ	1	2	9.2833274E-5	NaN	NaN	1.8566655E-4
ϩⲁⲉ	1	2	9.2833274E-5	NaN	NaN	1.8566655E-4
ϩⲁⲗⲁⲥⲥⲁ	1	2	9.2833274E-5	NaN	NaN	1.8566655E-4
ϩⲁⲡ	1	2	9.2833274E-5	NaN	NaN	1.8566655E-4
ϩⲏⲃⲉ	1	2	9.2833274E-5	NaN	NaN	1.8566655E-4
ϩⲓⲣ	1	2	9.2833274E-5	NaN	NaN	1.8566655E-4
ϩⲓⲥⲉ	1	2	9.2833274E-5	NaN	NaN	1.8566655E-4
ϩⲓⲧⲟⲟⲧ	1	2	9.2833274E-5	NaN	NaN	1.8566655E-4
ϩⲟϥ	1	2	9.2833274E-5	NaN	NaN	1.8566655E-4
ϩⲟⲙⲧ	1	2	9.2833274E-5	NaN	NaN	1.8566655E-4
ϩⲟⲧ	1	2	9.2833274E-5	NaN	NaN	1.8566655E-4
ϩⲟⲧⲉ	1	2	9.2833274E-5	NaN	NaN	1.8566655E-4
ϩⲣⲉ	1	2	9.2833274E-5	NaN	NaN	1.8566655E-4
ϩⲣⲟϣ	1	2	9.2833274E-5	NaN	NaN	1.8566655E-4
ϩⲣⲟⲟⲩ	1	2	9.2833274E-5	NaN	NaN	1.8566655E-4
ϩⲧⲏϥ	1	2	9.2833274E-5	NaN	NaN	1.8566655E-4
ϩⲱⲃ	1	2	9.2833274E-5	NaN	NaN	1.8566655E-4
ϩⲱⲡ	1	2	9.2833274E-5	NaN	NaN	1.8566655E-4
ϩⲱⲥ	1	2	9.2833274E-5	NaN	NaN	1.8566655E-4
ϩⲱⲧ	1	2	9.2833274E-5	NaN	NaN	1.8566655E-4
ϫⲓⲥⲙⲟⲩ	1	2	9.2833274E-5	NaN	NaN	1.8566655E-4
ϫⲱϩⲙ	1	2	9.2833274E-5	NaN	NaN	1.8566655E-4
ϫⲱⲕ	1	2	9.2833274E-5	NaN	NaN	1.8566655E-4
ϭⲉⲡⲏ	1	2	9.2833274E-5	NaN	NaN	1.8566655E-4
ϭⲓⲃⲱⲧⲟⲥ	1	2	9.2833274E-5	NaN	NaN	1.8566655E-4
ϭⲟⲓⲗⲉ	1	2	9.2833274E-5	NaN	NaN	1.8566655E-4
ϭⲱϣⲧ	1	2	9.2833274E-5	NaN	NaN	1.8566655E-4
ϭⲱⲛⲧ	1	2	9.2833274E-5	NaN	NaN	1.8566655E-4
ϯⲙⲧⲟⲛ	1	2	9.2833274E-5	NaN	NaN	1.8566655E-4
ⲁϩⲉⲣⲁⲧ	1	2	9.2833274E-5	NaN	NaN	1.8566655E-4
ⲁϩⲟ	1	2	9.2833274E-5	NaN	NaN	1.8566655E-4
ⲁⲃⲉⲛⲛⲏⲣ	1	2	9.2833274E-5	NaN	NaN	1.8566655E-4
ⲁⲃⲓⲙⲉⲗⲉⲭ	1	2	9.2833274E-5	NaN	NaN	1.8566655E-4
ⲁⲙⲁϩⲧⲉ	1	2	9.2833274E-5	NaN	NaN	1.8566655E-4
ⲁⲙⲓⲛⲁⲇⲁⲃ	1	2	9.2833274E-5	NaN	NaN	1.8566655E-4
ⲁⲛⲟⲙⲓⲁ	1	2	9.2833274E-5	NaN	NaN	1.8566655E-4
ⲁⲥⲡⲁⲍⲉ	1	2	9.2833274E-5	NaN	NaN	1.8566655E-4
ⲁⲧϩⲏⲧ	1	2	9.2833274E-5	NaN	NaN	1.8566655E-4
ⲃⲁⲗ	1	2	9.2833274E-5	NaN	NaN	1.8566655E-4
ⲃⲏⲑⲗⲉⲉⲙ	1	2	9.2833274E-5	NaN	NaN	1.8566655E-4
ⲉⲓϫⲓⲧ	1	2	9.2833274E-5	NaN	NaN	1.8566655E-4
ⲉⲓⲙⲏⲧⲓ	1	2	9.2833274E-5	NaN	NaN	1.8566655E-4
ⲉⲗⲉⲫⲁⲛⲧⲓⲛⲟⲛ	1	2	9.2833274E-5	NaN	NaN	1.8566655E-4
ⲉⲛⲕⲟⲧⲕ	1	2	9.2833274E-5	NaN	NaN	1.8566655E-4
ⲉⲣⲏⲩ	1	2	9.2833274E-5	NaN	NaN	1.8566655E-4
ⲉⲣⲛ	1	2	9.2833274E-5	NaN	NaN	1.8566655E-4
ⲉⲥⲟⲟⲩ	1	2	9.2833274E-5	NaN	NaN	1.8566655E-4
ⲉⲧⲉⲧⲛⲉ	1	2	9.2833274E-5	NaN	NaN	1.8566655E-4
ⲉⲧⲛ	1	2	9.2833274E-5	NaN	NaN	1.8566655E-4
ⲏⲣⲡ	1	2	9.2833274E-5	NaN	NaN	1.8566655E-4
ⲏⲥⲁⲩ	1	2	9.2833274E-5	NaN	NaN	1.8566655E-4
ⲑⲁⲃ	1	2	9.2833274E-5	NaN	NaN	1.8566655E-4
ⲑⲓⲗⲏⲙ	1	2	9.2833274E-5	NaN	NaN	1.8566655E-4
ⲑⲣⲟⲛⲟⲥ	1	2	9.2833274E-5	NaN	NaN	1.8566655E-4
ⲑⲩⲥⲓⲁⲥⲧⲏⲣⲓⲟⲛ	1	2	9.2833274E-5	NaN	NaN	1.8566655E-4
ⲓⲟⲩⲇⲁⲥ	1	2	9.2833274E-5	NaN	NaN	1.8566655E-4
ⲕⲁⲁⲩ	1	2	9.2833274E-5	NaN	NaN	1.8566655E-4
ⲕⲁⲕⲉ	1	2	9.2833274E-5	NaN	NaN	1.8566655E-4
ⲕⲁⲗⲱⲥ	1	2	9.2833274E-5	NaN	NaN	1.8566655E-4
ⲕⲁⲡⲛⲟⲥ	1	2	9.2833274E-5	NaN	NaN	1.8566655E-4
ⲕⲗϫⲉ	1	2	9.2833274E-5	NaN	NaN	1.8566655E-4
ⲕⲗⲏⲣⲟⲛⲟⲙⲉⲓ	1	2	9.2833274E-5	NaN	NaN	1.8566655E-4
ⲕⲟⲩⲓ	1	2	9.2833274E-5	NaN	NaN	1.8566655E-4
ⲗⲓⲁ	1	2	9.2833274E-5	NaN	NaN	1.8566655E-4
ⲙⲁⲉⲓⲛ	1	2	9.2833274E-5	NaN	NaN	1.8566655E-4
ⲙⲁⲣⲓⲁ	1	2	9.2833274E-5	NaN	NaN	1.8566655E-4
ⲙⲁⲥⲉ	1	2	9.2833274E-5	NaN	NaN	1.8566655E-4
ⲙⲉⲉⲣⲉ	1	2	9.2833274E-5	NaN	NaN	1.8566655E-4
ⲙⲉⲛ	1	2	9.2833274E-5	NaN	NaN	1.8566655E-4
ⲙⲉⲣⲉ	1	2	9.2833274E-5	NaN	NaN	1.8566655E-4
ⲙⲏⲏϣⲉ	1	2	9.2833274E-5	NaN	NaN	1.8566655E-4
ⲙⲓⲛⲉ	1	2	9.2833274E-5	NaN	NaN	1.8566655E-4
ⲙⲙⲁⲁⲗⲗⲱⲛ	1	2	9.2833274E-5	NaN	NaN	1.8566655E-4
ⲙⲙⲉⲥϩⲛⲏⲓ	1	2	9.2833274E-5	NaN	NaN	1.8566655E-4
ⲙⲙⲓⲛ	1	2	9.2833274E-5	NaN	NaN	1.8566655E-4
ⲙⲛⲧⲟⲩ	1	2	9.2833274E-5	NaN	NaN	1.8566655E-4
ⲙⲛⲧⲣⲉ	1	2	9.2833274E-5	NaN	NaN	1.8566655E-4
ⲙⲛⲧⲣⲙⲙⲁⲟ	1	2	9.2833274E-5	NaN	NaN	1.8566655E-4
ⲙⲛⲧⲥⲛⲟⲟⲩⲥ	1	2	9.2833274E-5	NaN	NaN	1.8566655E-4
ⲛⲁϣⲧⲉ	1	2	9.2833274E-5	NaN	NaN	1.8566655E-4
ⲛⲁϩⲧⲉ	1	2	9.2833274E-5	NaN	NaN	1.8566655E-4
ⲛⲁⲃⲏⲥⲁⲗⲱⲙ	1	2	9.2833274E-5	NaN	NaN	1.8566655E-4
ⲛⲁⲛⲟⲩ	1	2	9.2833274E-5	NaN	NaN	1.8566655E-4
ⲛⲁⲣⲭⲁⲃⲉⲓⲛ	1	2	9.2833274E-5	NaN	NaN	1.8566655E-4
ⲛⲁⲥⲙⲛⲧ	1	2	9.2833274E-5	NaN	NaN	1.8566655E-4
ⲛⲇⲁⲛ	1	2	9.2833274E-5	NaN	NaN	1.8566655E-4
ⲛⲉⲗⲓⲥⲁ	1	2	9.2833274E-5	NaN	NaN	1.8566655E-4
ⲛⲑⲓⲗⲏⲙ	1	2	9.2833274E-5	NaN	NaN	1.8566655E-4
ⲛⲓⲱⲁⲃ	1	2	9.2833274E-5	NaN	NaN	1.8566655E-4
ⲛⲕⲉⲇⲣⲓⲛⲟⲛ	1	2	9.2833274E-5	NaN	NaN	1.8566655E-4
ⲛⲕⲟⲧⲕ	1	2	9.2833274E-5	NaN	NaN	1.8566655E-4
ⲛⲛⲁϩⲣⲛ	1	2	9.2833274E-5	NaN	NaN	1.8566655E-4
ⲛⲟⲛⲏⲥⲓⲫⲟⲣⲟⲥ	1	2	9.2833274E-5	NaN	NaN	1.8566655E-4
ⲛⲣⲉϥϫⲟⲕϫⲕ	1	2	9.2833274E-5	NaN	NaN	1.8566655E-4
ⲛⲣⲣⲙⲛ	1	2	9.2833274E-5	NaN	NaN	1.8566655E-4
ⲛⲥⲏⲗⲱ	1	2	9.2833274E-5	NaN	NaN	1.8566655E-4
ⲛⲥⲩⲙⲉⲱⲛ	1	2	9.2833274E-5	NaN	NaN	1.8566655E-4
ⲟⲩϣⲏ	1	2	9.2833274E-5	NaN	NaN	1.8566655E-4
ⲟⲩϩⲟⲟⲡ	1	2	9.2833274E-5	NaN	NaN	1.8566655E-4
ⲟⲩⲉϩⲥⲁϩⲛⲉ	1	2	9.2833274E-5	NaN	NaN	1.8566655E-4
ⲟⲩⲏⲏⲃ	1	2	9.2833274E-5	NaN	NaN	1.8566655E-4
ⲟⲩⲛⲧⲁ	1	2	9.2833274E-5	NaN	NaN	1.8566655E-4
ⲟⲩⲟⲉⲓ	1	2	9.2833274E-5	NaN	NaN	1.8566655E-4
ⲟⲩⲱ	1	2	9.2833274E-5	NaN	NaN	1.8566655E-4
ⲟⲩⲱϣⲃ	1	2	9.2833274E-5	NaN	NaN	1.8566655E-4
ⲟⲩⲱϫⲉ	1	2	9.2833274E-5	NaN	NaN	1.8566655E-4
ⲡⲃⲁⲕϣⲁⲁⲣ	1	2	9.2833274E-5	NaN	NaN	1.8566655E-4
ⲡⲉⲧⲣⲟⲥ	1	2	9.2833274E-5	NaN	NaN	1.8566655E-4
ⲡⲓⲏⲗ	1	2	9.2833274E-5	NaN	NaN	1.8566655E-4
ⲡⲱⲣϫ	1	2	9.2833274E-5	NaN	NaN	1.8566655E-4
ⲡⲱⲱⲛⲉ	1	2	9.2833274E-5	NaN	NaN	1.8566655E-4
ⲣϣⲡⲏⲣⲉ	1	2	9.2833274E-5	NaN	NaN	1.8566655E-4
ⲣⲉϥϫⲓⲟⲩⲉ	1	2	9.2833274E-5	NaN	NaN	1.8566655E-4
ⲣⲙⲁⲑⲁⲉⲓⲙ	1	2	9.2833274E-5	NaN	NaN	1.8566655E-4
ⲣⲙⲛⲧⲣⲉ	1	2	9.2833274E-5	NaN	NaN	1.8566655E-4
ⲣⲡⲃⲟⲗ	1	2	9.2833274E-5	NaN	NaN	1.8566655E-4
ⲥⲁϩ	1	2	9.2833274E-5	NaN	NaN	1.8566655E-4
ⲥⲁⲗⲓⲥⲓⲏⲗ	1	2	9.2833274E-5	NaN	NaN	1.8566655E-4
ⲥⲁⲙⲟⲩⲏⲗ	1	2	9.2833274E-5	NaN	NaN	1.8566655E-4
ⲥⲃⲃⲉ	1	2	9.2833274E-5	NaN	NaN	1.8566655E-4
ⲥⲉⲥⲟⲃⲉⲕ	1	2	9.2833274E-5	NaN	NaN	1.8566655E-4
ⲥⲏⲗⲱ	1	2	9.2833274E-5	NaN	NaN	1.8566655E-4
ⲥⲓⲕⲓⲙⲁ	1	2	9.2833274E-5	NaN	NaN	1.8566655E-4
ⲥⲟⲃⲕ	1	2	9.2833274E-5	NaN	NaN	1.8566655E-4
ⲥⲟⲃⲧ	1	2	9.2833274E-5	NaN	NaN	1.8566655E-4
ⲥⲟⲫⲓⲁ	1	2	9.2833274E-5	NaN	NaN	1.8566655E-4
ⲥⲧⲉⲫⲁⲛⲁ	1	2	9.2833274E-5	NaN	NaN	1.8566655E-4
ⲥⲱϣ	1	2	9.2833274E-5	NaN	NaN	1.8566655E-4
ⲥⲱϣⲉ	1	2	9.2833274E-5	NaN	NaN	1.8566655E-4
ⲥⲱⲃϩ	1	2	9.2833274E-5	NaN	NaN	1.8566655E-4
ⲥⲱⲕ	1	2	9.2833274E-5	NaN	NaN	1.8566655E-4
ⲥⲱⲣⲙ	1	2	9.2833274E-5	NaN	NaN	1.8566655E-4
ⲧⲁϥ	1	2	9.2833274E-5	NaN	NaN	1.8566655E-4
ⲧⲁϫⲣⲟ	1	2	9.2833274E-5	NaN	NaN	1.8566655E-4
ⲧⲁⲙⲟ	1	2	9.2833274E-5	NaN	NaN	1.8566655E-4
ⲧⲁⲣⲉ	1	2	9.2833274E-5	NaN	NaN	1.8566655E-4
ⲧⲃⲃⲟ	1	2	9.2833274E-5	NaN	NaN	1.8566655E-4
ⲧⲃⲛⲏ	1	2	9.2833274E-5	NaN	NaN	1.8566655E-4
ⲧⲏⲩ	1	2	9.2833274E-5	NaN	NaN	1.8566655E-4
ⲧⲓⲟⲩ	1	2	9.2833274E-5	NaN	NaN	1.8566655E-4
ⲧⲟⲟⲩ	1	2	9.2833274E-5	NaN	NaN	1.8566655E-4
ⲧⲣⲩⲫⲏ	1	2	9.2833274E-5	NaN	NaN	1.8566655E-4
ⲧⲱϩ	1	2	9.2833274E-5	NaN	NaN	1.8566655E-4
ⲧⲱⲣⲉ	1	2	9.2833274E-5	NaN	NaN	1.8566655E-4
ⲭⲏⲣⲁ	1	2	9.2833274E-5	NaN	NaN	1.8566655E-4
ⲱϫⲛ	1	2	9.2833274E-5	NaN	NaN	1.8566655E-4
ⲱⲛⲉ	1	2	9.2833274E-5	NaN	NaN	1.8566655E-4
ⲱⲣϫ	1	2	9.2833274E-5	NaN	NaN	1.8566655E-4
ⲱⲣⲕ	1	2	9.2833274E-5	NaN	NaN	1.8566655E-4
ⲱⲥⲕ	1	2	9.2833274E-5	NaN	NaN	1.8566655E-4
1_anno_scriptorium:lemma	1	1	4.6416637E-5	NaN	NaN	9.2833274E-5
ϣⲁϩ	1	1	4.6416637E-5	NaN	NaN	9.2833274E-5
ϣⲁⲁⲣⲉ	1	1	4.6416637E-5	NaN	NaN	9.2833274E-5
ϣⲁⲛⲉⲧⲛ	1	1	4.6416637E-5	NaN	NaN	9.2833274E-5
ϣⲁⲛⲧⲉ	1	1	4.6416637E-5	NaN	NaN	9.2833274E-5
ϣⲁⲧⲉⲙ	1	1	4.6416637E-5	NaN	NaN	9.2833274E-5
ϣⲁⲩ	1	1	4.6416637E-5	NaN	NaN	9.2833274E-5
ϣⲁⲩⲗⲱϫϩ	1	1	4.6416637E-5	NaN	NaN	9.2833274E-5
ϣⲃⲉⲉⲣ	1	1	4.6416637E-5	NaN	NaN	9.2833274E-5
ϣⲃⲏⲣ	1	1	4.6416637E-5	NaN	NaN	9.2833274E-5
ϣⲏⲓ	1	1	4.6416637E-5	NaN	NaN	9.2833274E-5
ϣⲏⲙ	1	1	4.6416637E-5	NaN	NaN	9.2833274E-5
ϣⲏⲛ	1	1	4.6416637E-5	NaN	NaN	9.2833274E-5
ϣⲓ	1	1	4.6416637E-5	NaN	NaN	9.2833274E-5
ϣⲓⲧⲉ	1	1	4.6416637E-5	NaN	NaN	9.2833274E-5
ϣⲕⲟⲗ	1	1	4.6416637E-5	NaN	NaN	9.2833274E-5
ϣⲗⲟϥ	1	1	4.6416637E-5	NaN	NaN	9.2833274E-5
ϣⲛⲉ	1	1	4.6416637E-5	NaN	NaN	9.2833274E-5
ϣⲟϫⲛⲉ	1	1	4.6416637E-5	NaN	NaN	9.2833274E-5
ϣⲟⲉⲓϣ	1	1	4.6416637E-5	NaN	NaN	9.2833274E-5
ϣⲟⲙⲧ	1	1	4.6416637E-5	NaN	NaN	9.2833274E-5
ϣⲟⲙⲧⲉ	1	1	4.6416637E-5	NaN	NaN	9.2833274E-5
ϣⲟⲩϣⲟⲩ	1	1	4.6416637E-5	NaN	NaN	9.2833274E-5
ϣⲟⲩϣⲧ	1	1	4.6416637E-5	NaN	NaN	9.2833274E-5
ϣⲟⲩϩⲏⲛⲉ	1	1	4.6416637E-5	NaN	NaN	9.2833274E-5
ϣⲟⲩⲟ	1	1	4.6416637E-5	NaN	NaN	9.2833274E-5
ϣⲟⲩⲥⲟⲟⲩϣⲉ	1	1	4.6416637E-5	NaN	NaN	9.2833274E-5
ϣⲟⲩⲱⲃⲉ	1	1	4.6416637E-5	NaN	NaN	9.2833274E-5
ϣⲱ	1	1	4.6416637E-5	NaN	NaN	9.2833274E-5
ϣⲱⲙⲉ	1	1	4.6416637E-5	NaN	NaN	9.2833274E-5
ϥϣⲉⲉⲓ	1	1	4.6416637E-5	NaN	NaN	9.2833274E-5
ϥϩⲗⲟⲩⲗⲱⲟⲩ	1	1	4.6416637E-5	NaN	NaN	9.2833274E-5
ϥϭⲟⲧϩ	1	1	4.6416637E-5	NaN	NaN	9.2833274E-5
ϥⲉ	1	1	4.6416637E-5	NaN	NaN	9.2833274E-5
ϥⲓⲡⲣⲟⲟⲩϣ	1	1	4.6416637E-5	NaN	NaN	9.2833274E-5
ϥⲟⲩⲟⲙⲧ	1	1	4.6416637E-5	NaN	NaN	9.2833274E-5
ϥⲣⲟⲕ	1	1	4.6416637E-5	NaN	NaN	9.2833274E-5
ϥⲧⲟⲟⲩ	1	1	4.6416637E-5	NaN	NaN	9.2833274E-5
ϥⲧⲥⲁⲃⲏⲩ	1	1	4.6416637E-5	NaN	NaN	9.2833274E-5
ϥⲱⲉⲓ	1	1	4.6416637E-5	NaN	NaN	9.2833274E-5
ϩⲁϩⲧⲛ	1	1	4.6416637E-5	NaN	NaN	9.2833274E-5
ϩⲁⲗⲗⲟⲩⲥ	1	1	4.6416637E-5	NaN	NaN	9.2833274E-5
ϩⲁⲙⲏⲛ	1	1	4.6416637E-5	NaN	NaN	9.2833274E-5
ϩⲁⲡⲥ	1	1	4.6416637E-5	NaN	NaN	9.2833274E-5
ϩⲃⲥⲱ	1	1	4.6416637E-5	NaN	NaN	9.2833274E-5
ϩⲉⲑⲛⲟⲥ	1	1	4.6416637E-5	NaN	NaN	9.2833274E-5
ϩⲉⲗⲗⲏⲛ	1	1	4.6416637E-5	NaN	NaN	9.2833274E-5
ϩⲉⲗⲡⲓⲍⲉ	1	1	4.6416637E-5	NaN	NaN	9.2833274E-5
ϩⲉⲗⲡⲓⲥ	1	1	4.6416637E-5	NaN	NaN	9.2833274E-5
ϩⲉⲛ	1	1	4.6416637E-5	NaN	NaN	9.2833274E-5
ϩⲉⲛⲧⲉⲩ	1	1	4.6416637E-5	NaN	NaN	9.2833274E-5
ϩⲏ	1	1	4.6416637E-5	NaN	NaN	9.2833274E-5
ϩⲏⲃⲥ	1	1	4.6416637E-5	NaN	NaN	9.2833274E-5
ϩⲏⲗⲉⲓ	1	1	4.6416637E-5	NaN	NaN	9.2833274E-5
ϩⲓϩⲏ	1	1	4.6416637E-5	NaN	NaN	9.2833274E-5
ϩⲓⲃⲟⲗ	1	1	4.6416637E-5	NaN	NaN	9.2833274E-5
ϩⲓⲉⲣⲟⲃⲟⲁⲗ	1	1	4.6416637E-5	NaN	NaN	9.2833274E-5
ϩⲓⲉⲣⲟⲩⲥⲁⲗⲏⲙ	1	1	4.6416637E-5	NaN	NaN	9.2833274E-5
ϩⲓⲟⲩⲧⲟϭⲥ	1	1	4.6416637E-5	NaN	NaN	9.2833274E-5
ϩⲓⲱⲧ	1	1	4.6416637E-5	NaN	NaN	9.2833274E-5
ϩⲗⲗⲟ	1	1	4.6416637E-5	NaN	NaN	9.2833274E-5
ϩⲙⲉ	1	1	4.6416637E-5	NaN	NaN	9.2833274E-5
ϩⲛⲁⲁⲩ	1	1	4.6416637E-5	NaN	NaN	9.2833274E-5
ϩⲛⲁⲩ	1	1	4.6416637E-5	NaN	NaN	9.2833274E-5
ϩⲛⲉ	1	1	4.6416637E-5	NaN	NaN	9.2833274E-5
ϩⲛⲣⲙⲛ	1	1	4.6416637E-5	NaN	NaN	9.2833274E-5
ϩⲛⲥⲏⲗⲱ	1	1	4.6416637E-5	NaN	NaN	9.2833274E-5
ϩⲟⲉⲓⲧⲉ	1	1	4.6416637E-5	NaN	NaN	9.2833274E-5
ϩⲟⲓⲛⲉ	1	1	4.6416637E-5	NaN	NaN	9.2833274E-5
ϩⲟⲙⲟⲗⲟⲅⲉⲓ	1	1	4.6416637E-5	NaN	NaN	9.2833274E-5
ϩⲟⲟⲕⲉ	1	1	4.6416637E-5	NaN	NaN	9.2833274E-5
ϩⲟⲩⲉ	1	1	4.6416637E-5	NaN	NaN	9.2833274E-5
ϩⲣϣⲓⲣⲉ	1	1	4.6416637E-5	NaN	NaN	9.2833274E-5
ϩⲣⲁⲁⲃ	1	1	4.6416637E-5	NaN	NaN	9.2833274E-5
ϩⲣⲁⲭⲏⲗ	1	1	4.6416637E-5	NaN	NaN	9.2833274E-5
ϩⲣⲟⲩⲃⲏ	1	1	4.6416637E-5	NaN	NaN	9.2833274E-5
ϩⲱϥⲧ	1	1	4.6416637E-5	NaN	NaN	9.2833274E-5
ϩⲱⲃⲥ	1	1	4.6416637E-5	NaN	NaN	9.2833274E-5
ϩⲱⲣ	1	1	4.6416637E-5	NaN	NaN	9.2833274E-5
ϩⲱⲥⲧⲉ	1	1	4.6416637E-5	NaN	NaN	9.2833274E-5
ϩⲱⲱ	1	1	4.6416637E-5	NaN	NaN	9.2833274E-5
ϩⲱⲱ_ⲁⲛⲟⲕ	1	1	4.6416637E-5	NaN	NaN	9.2833274E-5
ϫⲁϫ	1	1	4.6416637E-5	NaN	NaN	9.2833274E-5
ϫⲁϫⲉ	1	1	4.6416637E-5	NaN	NaN	9.2833274E-5
ϫⲁⲥϥⲉ	1	1	4.6416637E-5	NaN	NaN	9.2833274E-5
ϫⲁⲥⲓϩⲏⲧ	1	1	4.6416637E-5	NaN	NaN	9.2833274E-5
ϫⲉⲛⲉⲡⲱⲣ	1	1	4.6416637E-5	NaN	NaN	9.2833274E-5
ϫⲉⲥⲧ	1	1	4.6416637E-5	NaN	NaN	9.2833274E-5
ϫⲓⲁⲉⲓⲕ	1	1	4.6416637E-5	NaN	NaN	9.2833274E-5
ϫⲓⲃⲁⲡⲧⲓⲥⲙⲁ	1	1	4.6416637E-5	NaN	NaN	9.2833274E-5
ϫⲓⲟⲩⲉ	1	1	4.6416637E-5	NaN	NaN	9.2833274E-5
ϫⲓⲣⲱⲙⲉ	1	1	4.6416637E-5	NaN	NaN	9.2833274E-5
ϫⲛ	1	1	4.6416637E-5	NaN	NaN	9.2833274E-5
ϫⲟ	1	1	4.6416637E-5	NaN	NaN	9.2833274E-5
ϫⲟⲉⲓⲥⲉⲃⲟⲗ	1	1	4.6416637E-5	NaN	NaN	9.2833274E-5
ϫⲟⲓ	1	1	4.6416637E-5	NaN	NaN	9.2833274E-5
ϫⲟⲩⲱⲧⲉ	1	1	4.6416637E-5	NaN	NaN	9.2833274E-5
ϫⲡ	1	1	4.6416637E-5	NaN	NaN	9.2833274E-5
ϫⲣⲟ	1	1	4.6416637E-5	NaN	NaN	9.2833274E-5
ϫⲱϩ	1	1	4.6416637E-5	NaN	NaN	9.2833274E-5
ϫⲱⲙ	1	1	4.6416637E-5	NaN	NaN	9.2833274E-5
ϭⲓⲉ	1	1	4.6416637E-5	NaN	NaN	9.2833274E-5
ϭⲓⲛϭⲗⲱ	1	1	4.6416637E-5	NaN	NaN	9.2833274E-5
ϭⲓⲛⲉ	1	1	4.6416637E-5	NaN	NaN	9.2833274E-5
ϭⲗⲓⲗ	1	1	4.6416637E-5	NaN	NaN	9.2833274E-5
ϭⲗⲟϭ	1	1	4.6416637E-5	NaN	NaN	9.2833274E-5
ϭⲙⲡ	1	1	4.6416637E-5	NaN	NaN	9.2833274E-5
ϭⲛⲉⲓⲇⲱⲗⲟⲛ	1	1	4.6416637E-5	NaN	NaN	9.2833274E-5
ϭⲛⲟⲩ	1	1	4.6416637E-5	NaN	NaN	9.2833274E-5
ϭⲟⲙ	1	1	4.6416637E-5	NaN	NaN	9.2833274E-5
ϭⲟⲣϭⲥ	1	1	4.6416637E-5	NaN	NaN	9.2833274E-5
ϭⲟⲣⲧⲉ	1	1	4.6416637E-5	NaN	NaN	9.2833274E-5
ϭⲟⲧⲡ	1	1	4.6416637E-5	NaN	NaN	9.2833274E-5
ϭⲥ	1	1	4.6416637E-5	NaN	NaN	9.2833274E-5
ϭⲱⲃ	1	1	4.6416637E-5	NaN	NaN	9.2833274E-5
ϭⲱⲗⲡ	1	1	4.6416637E-5	NaN	NaN	9.2833274E-5
ϭⲱⲙ	1	1	4.6416637E-5	NaN	NaN	9.2833274E-5
ϭⲱⲟⲩ	1	1	4.6416637E-5	NaN	NaN	9.2833274E-5
ϭⲱⲣϭ	1	1	4.6416637E-5	NaN	NaN	9.2833274E-5
ϯϩⲁⲡ	1	1	4.6416637E-5	NaN	NaN	9.2833274E-5
ϯⲉⲟⲟⲩ	1	1	4.6416637E-5	NaN	NaN	9.2833274E-5
ϯⲛⲁ	1	1	4.6416637E-5	NaN	NaN	9.2833274E-5
ϯⲛⲟⲩ	1	1	4.6416637E-5	NaN	NaN	9.2833274E-5
ϯⲟⲩ	1	1	4.6416637E-5	NaN	NaN	9.2833274E-5
ϯⲡⲉϥ	1	1	4.6416637E-5	NaN	NaN	9.2833274E-5
ϯⲥⲃⲱ	1	1	4.6416637E-5	NaN	NaN	9.2833274E-5
ⲁϣⲁϩⲟⲙ	1	1	4.6416637E-5	NaN	NaN	9.2833274E-5
ⲁϣⲁⲓ	1	1	4.6416637E-5	NaN	NaN	9.2833274E-5
ⲁϥ	1	1	4.6416637E-5	NaN	NaN	9.2833274E-5
ⲁϥⲧⲃⲥ	1	1	4.6416637E-5	NaN	NaN	9.2833274E-5
ⲁϩⲣⲟ	1	1	4.6416637E-5	NaN	NaN	9.2833274E-5
ⲁϭⲣⲏⲛ	1	1	4.6416637E-5	NaN	NaN	9.2833274E-5
ⲁⲃⲓⲁⲑⲁⲣ	1	1	4.6416637E-5	NaN	NaN	9.2833274E-5
ⲁⲅⲁⲑⲟⲥ	1	1	4.6416637E-5	NaN	NaN	9.2833274E-5
ⲁⲇⲱⲛⲁⲓ	1	1	4.6416637E-5	NaN	NaN	9.2833274E-5
ⲁⲉⲓ	1	1	4.6416637E-5	NaN	NaN	9.2833274E-5
ⲁⲉⲓⲟ	1	1	4.6416637E-5	NaN	NaN	9.2833274E-5
ⲁⲉⲣⲁⲥⲧⲟⲥ	1	1	4.6416637E-5	NaN	NaN	9.2833274E-5
ⲁⲑⲉⲧⲉⲓ	1	1	4.6416637E-5	NaN	NaN	9.2833274E-5
ⲁⲓ	1	1	4.6416637E-5	NaN	NaN	9.2833274E-5
ⲁⲓⲣϩ	1	1	4.6416637E-5	NaN	NaN	9.2833274E-5
ⲁⲓⲭⲙⲁⲗⲱⲧⲓⲍⲉ	1	1	4.6416637E-5	NaN	NaN	9.2833274E-5
ⲁⲕⲉⲣⲣⲣⲟ	1	1	4.6416637E-5	NaN	NaN	9.2833274E-5
ⲁⲕⲩⲗⲁ	1	1	4.6416637E-5	NaN	NaN	9.2833274E-5
ⲁⲗⲉ	1	1	4.6416637E-5	NaN	NaN	9.2833274E-5
ⲁⲙⲛⲧⲉ	1	1	4.6416637E-5	NaN	NaN	9.2833274E-5
ⲁⲛⲁϫⲓϫⲉⲉⲩ	1	1	4.6416637E-5	NaN	NaN	9.2833274E-5
ⲁⲛⲁⲓ	1	1	4.6416637E-5	NaN	NaN	9.2833274E-5
ⲁⲛⲁⲡⲁⲩⲥⲓⲥ	1	1	4.6416637E-5	NaN	NaN	9.2833274E-5
ⲁⲛⲁⲭⲱⲣⲉⲓ	1	1	4.6416637E-5	NaN	NaN	9.2833274E-5
ⲁⲛⲇⲣⲉⲁⲥ	1	1	4.6416637E-5	NaN	NaN	9.2833274E-5
ⲁⲛⲟⲙⲟⲥ	1	1	4.6416637E-5	NaN	NaN	9.2833274E-5
ⲁⲡⲉ	1	1	4.6416637E-5	NaN	NaN	9.2833274E-5
ⲁⲡⲉⲩⲟⲓϣ	1	1	4.6416637E-5	NaN	NaN	9.2833274E-5
ⲁⲡⲟⲧⲁⲥⲥⲉ	1	1	4.6416637E-5	NaN	NaN	9.2833274E-5
ⲁⲣⲉϩ	1	1	4.6416637E-5	NaN	NaN	9.2833274E-5
ⲁⲣⲙⲁⲑⲁⲉⲓⲙ	1	1	4.6416637E-5	NaN	NaN	9.2833274E-5
ⲁⲣⲛⲁ	1	1	4.6416637E-5	NaN	NaN	9.2833274E-5
ⲁⲣⲭⲉⲓ	1	1	4.6416637E-5	NaN	NaN	9.2833274E-5
ⲁⲣⲭⲏ	1	1	4.6416637E-5	NaN	NaN	9.2833274E-5
ⲁⲣⲭⲏⲅⲟⲥ	1	1	4.6416637E-5	NaN	NaN	9.2833274E-5
ⲁⲣⲭⲓⲉⲣⲉⲩⲥ	1	1	4.6416637E-5	NaN	NaN	9.2833274E-5
ⲁⲣⲭⲓⲥⲩⲛⲁⲅⲱⲅⲟⲥ	1	1	4.6416637E-5	NaN	NaN	9.2833274E-5
ⲁⲣⲱⲛ	1	1	4.6416637E-5	NaN	NaN	9.2833274E-5
ⲁⲧⲙⲟⲩⲛⲕ	1	1	4.6416637E-5	NaN	NaN	9.2833274E-5
ⲁⲧⲥⲃⲃⲉ	1	1	4.6416637E-5	NaN	NaN	9.2833274E-5
ⲁⲧⲥⲃⲱ	1	1	4.6416637E-5	NaN	NaN	9.2833274E-5
ⲁⲩ	1	1	4.6416637E-5	NaN	NaN	9.2833274E-5
ⲁⲩⲛⲉϫ	1	1	4.6416637E-5	NaN	NaN	9.2833274E-5
ⲁⲫⲉⲕⲁⲧⲟⲛⲧⲁⲣⲭⲟⲥ	1	1	4.6416637E-5	NaN	NaN	9.2833274E-5
ⲃⲁⲃⲩⲗⲱⲛ	1	1	4.6416637E-5	NaN	NaN	9.2833274E-5
ⲃⲁⲓϣⲓⲛⲉ	1	1	4.6416637E-5	NaN	NaN	9.2833274E-5
ⲃⲁⲟⲩⲣⲓⲙ	1	1	4.6416637E-5	NaN	NaN	9.2833274E-5
ⲃⲁⲡⲧⲓⲍⲉ	1	1	4.6416637E-5	NaN	NaN	9.2833274E-5
ⲃⲃⲣⲣⲉ	1	1	4.6416637E-5	NaN	NaN	9.2833274E-5
ⲃⲉⲉⲗⲍⲉⲃⲟⲩⲗ	1	1	4.6416637E-5	NaN	NaN	9.2833274E-5
ⲃⲉⲛⲓⲁⲙⲓⲛ	1	1	4.6416637E-5	NaN	NaN	9.2833274E-5
ⲃⲉⲣⲍⲉⲗⲗⲓ	1	1	4.6416637E-5	NaN	NaN	9.2833274E-5
ⲃⲏⲑⲁⲛⲓⲁ	1	1	4.6416637E-5	NaN	NaN	9.2833274E-5
ⲃⲏⲛⲉ	1	1	4.6416637E-5	NaN	NaN	9.2833274E-5
ⲃⲏⲥⲁⲗⲱⲙ	1	1	4.6416637E-5	NaN	NaN	9.2833274E-5
ⲃⲟⲗⲃⲗ	1	1	4.6416637E-5	NaN	NaN	9.2833274E-5
ⲃⲱⲕⲉⲡⲟⲩ	1	1	4.6416637E-5	NaN	NaN	9.2833274E-5
ⲅⲁⲃⲁⲁ	1	1	4.6416637E-5	NaN	NaN	9.2833274E-5
ⲅⲁⲇ	1	1	4.6416637E-5	NaN	NaN	9.2833274E-5
ⲅⲁⲓ	1	1	4.6416637E-5	NaN	NaN	9.2833274E-5
ⲅⲉⲑ	1	1	4.6416637E-5	NaN	NaN	9.2833274E-5
ⲅⲓⲅⲁⲥ	1	1	4.6416637E-5	NaN	NaN	9.2833274E-5
ⲅⲛⲁⲕⲗⲓⲣⲟⲛⲟⲙⲓ	1	1	4.6416637E-5	NaN	NaN	9.2833274E-5
ⲇⲁⲛⲓⲥⲧⲏⲥ	1	1	4.6416637E-5	NaN	NaN	9.2833274E-5
ⲇⲓⲁⲑⲏⲕⲏ	1	1	4.6416637E-5	NaN	NaN	9.2833274E-5
ⲇⲓⲁⲑⲩⲕⲏ	1	1	4.6416637E-5	NaN	NaN	9.2833274E-5
ⲇⲓⲕⲁⲓⲟⲥⲩⲛⲏ	1	1	4.6416637E-5	NaN	NaN	9.2833274E-5
ⲉϥ	1	1	4.6416637E-5	NaN	NaN	9.2833274E-5
ⲉϥⲧⲙⲁⲓⲏⲟⲩ	1	1	4.6416637E-5	NaN	NaN	9.2833274E-5
ⲉϩⲉ	1	1	4.6416637E-5	NaN	NaN	9.2833274E-5
ⲉϩⲏⲣⲱⲇⲓⲱⲛ	1	1	4.6416637E-5	NaN	NaN	9.2833274E-5
ⲉϩⲙ	1	1	4.6416637E-5	NaN	NaN	9.2833274E-5
ⲉϯ	1	1	4.6416637E-5	NaN	NaN	9.2833274E-5
ⲉⲁⲥϫⲓ	1	1	4.6416637E-5	NaN	NaN	9.2833274E-5
ⲉⲃⲟⲧ	1	1	4.6416637E-5	NaN	NaN	9.2833274E-5
ⲉⲍⲉⲕⲓⲁⲥ	1	1	4.6416637E-5	NaN	NaN	9.2833274E-5
ⲉⲓⲇⲱⲗⲟⲛ	1	1	4.6416637E-5	NaN	NaN	9.2833274E-5
ⲉⲓⲉ	1	1	4.6416637E-5	NaN	NaN	9.2833274E-5
ⲉⲓⲙⲁ	1	1	4.6416637E-5	NaN	NaN	9.2833274E-5
ⲉⲓⲙⲥⲟⲛⲉ	1	1	4.6416637E-5	NaN	NaN	9.2833274E-5
ⲉⲗⲟⲟⲗⲉ	1	1	4.6416637E-5	NaN	NaN	9.2833274E-5
ⲉⲙⲧⲟⲛ	1	1	4.6416637E-5	NaN	NaN	9.2833274E-5
ⲉⲛⲧⲁ	1	1	4.6416637E-5	NaN	NaN	9.2833274E-5
ⲉⲝⲉⲇⲣⲁ	1	1	4.6416637E-5	NaN	NaN	9.2833274E-5
ⲉⲡⲁⲓⲛ	1	1	4.6416637E-5	NaN	NaN	9.2833274E-5
ⲉⲡⲉⲓⲇⲏ	1	1	4.6416637E-5	NaN	NaN	9.2833274E-5
ⲉⲡⲉⲥⲏⲧⲉϥⲓ	1	1	4.6416637E-5	NaN	NaN	9.2833274E-5
ⲉⲡⲉⲧⲉ	1	1	4.6416637E-5	NaN	NaN	9.2833274E-5
ⲉⲡⲉⲩϫⲁⲓ	1	1	4.6416637E-5	NaN	NaN	9.2833274E-5
ⲉⲡⲓⲑⲩⲙⲉⲓ	1	1	4.6416637E-5	NaN	NaN	9.2833274E-5
ⲉⲡⲓⲕⲁⲗⲉⲓ	1	1	4.6416637E-5	NaN	NaN	9.2833274E-5
ⲉⲣϣⲁⲛ_ⲁⲛⲟⲛ	1	1	4.6416637E-5	NaN	NaN	9.2833274E-5
ⲉⲣϣⲁⲛ_ⲛⲧⲟⲟⲩ	1	1	4.6416637E-5	NaN	NaN	9.2833274E-5
ⲉⲣϣⲁⲛ_ⲛⲧⲟⲥ	1	1	4.6416637E-5	NaN	NaN	9.2833274E-5
ⲉⲣⲁ	1	1	4.6416637E-5	NaN	NaN	9.2833274E-5
ⲉⲣⲉ_ⲛⲧⲟⲥ	1	1	4.6416637E-5	NaN	NaN	9.2833274E-5
ⲉⲣⲏⲙⲟⲥ	1	1	4.6416637E-5	NaN	NaN	9.2833274E-5
ⲉⲣⲱⲧⲉ	1	1	4.6416637E-5	NaN	NaN	9.2833274E-5
ⲉⲥⲏⲧ	1	1	4.6416637E-5	NaN	NaN	9.2833274E-5
ⲉⲧⲉⲧ	1	1	4.6416637E-5	NaN	NaN	9.2833274E-5
ⲉⲧⲟⲥ	1	1	4.6416637E-5	NaN	NaN	9.2833274E-5
ⲉⲧⲡⲱ	1	1	4.6416637E-5	NaN	NaN	9.2833274E-5
ⲉⲧⲣⲁ	1	1	4.6416637E-5	NaN	NaN	9.2833274E-5
ⲉⲧⲣⲁϣⲱⲡⲉ	1	1	4.6416637E-5	NaN	NaN	9.2833274E-5
ⲉⲧⲣⲉ	1	1	4.6416637E-5	NaN	NaN	9.2833274E-5
ⲉⲩ	1	1	4.6416637E-5	NaN	NaN	9.2833274E-5
ⲉⲩϭⲏⲛ	1	1	4.6416637E-5	NaN	NaN	9.2833274E-5
ⲉⲩⲫⲣⲁⲛⲉ	1	1	4.6416637E-5	NaN	NaN	9.2833274E-5
ⲉⲩⲱ	1	1	4.6416637E-5	NaN	NaN	9.2833274E-5
ⲉⲱⲛ	1	1	4.6416637E-5	NaN	NaN	9.2833274E-5
ⲍⲁⲭⲁⲣⲓⲁⲥ	1	1	4.6416637E-5	NaN	NaN	9.2833274E-5
ⲏⲥⲱⲛⲉ	1	1	4.6416637E-5	NaN	NaN	9.2833274E-5
ⲑⲁⲗⲁⲥⲥⲁ	1	1	4.6416637E-5	NaN	NaN	9.2833274E-5
ⲑⲁⲙⲁⲣ	1	1	4.6416637E-5	NaN	NaN	9.2833274E-5
ⲑⲃⲃⲓⲟ	1	1	4.6416637E-5	NaN	NaN	9.2833274E-5
ⲑⲉⲣⲁⲡⲟⲩ	1	1	4.6416637E-5	NaN	NaN	9.2833274E-5
ⲑⲓⲉⲗⲏⲙ	1	1	4.6416637E-5	NaN	NaN	9.2833274E-5
ⲑⲓⲉⲗⲓⲏⲙ	1	1	4.6416637E-5	NaN	NaN	9.2833274E-5
ⲑⲛ	1	1	4.6416637E-5	NaN	NaN	9.2833274E-5
ⲑⲟⲉⲓⲧ	1	1	4.6416637E-5	NaN	NaN	9.2833274E-5
ⲓⲁⲏⲗ	1	1	4.6416637E-5	NaN	NaN	9.2833274E-5
ⲓⲉⲃⲟⲩⲥⲑⲉ	1	1	4.6416637E-5	NaN	NaN	9.2833274E-5
ⲓⲉⲣⲏⲙⲓⲁⲥ	1	1	4.6416637E-5	NaN	NaN	9.2833274E-5
ⲓⲟⲣⲇⲁⲛⲏⲥ	1	1	4.6416637E-5	NaN	NaN	9.2833274E-5
ⲓⲱϩⲁⲛⲛⲏⲥ	1	1	4.6416637E-5	NaN	NaN	9.2833274E-5
ⲕⲁⲃⲁⲁ	1	1	4.6416637E-5	NaN	NaN	9.2833274E-5
ⲕⲁⲓⲣⲟⲥ	1	1	4.6416637E-5	NaN	NaN	9.2833274E-5
ⲕⲁⲡⲉϥ	1	1	4.6416637E-5	NaN	NaN	9.2833274E-5
ⲕⲁⲣⲡⲟⲥ	1	1	4.6416637E-5	NaN	NaN	9.2833274E-5
ⲕⲁⲧⲁⲡⲉⲧⲁⲥⲙⲁ	1	1	4.6416637E-5	NaN	NaN	9.2833274E-5
ⲕⲁⲩⲙⲁ	1	1	4.6416637E-5	NaN	NaN	9.2833274E-5
ⲕⲃⲁ	1	1	4.6416637E-5	NaN	NaN	9.2833274E-5
ⲕⲉⲙⲏⲥ	1	1	4.6416637E-5	NaN	NaN	9.2833274E-5
ⲕⲉⲧⲟⲩ	1	1	4.6416637E-5	NaN	NaN	9.2833274E-5
ⲕⲓⲃⲱⲧⲟⲥ	1	1	4.6416637E-5	NaN	NaN	9.2833274E-5
ⲕⲛⲁ	1	1	4.6416637E-5	NaN	NaN	9.2833274E-5
ⲕⲟⲓⲃⲱⲧⲟⲥ	1	1	4.6416637E-5	NaN	NaN	9.2833274E-5
ⲕⲟⲛⲥ	1	1	4.6416637E-5	NaN	NaN	9.2833274E-5
ⲕⲟⲟϩ	1	1	4.6416637E-5	NaN	NaN	9.2833274E-5
ⲕⲟⲩⲉⲣⲏⲧⲉϩⲉⲧⲧⲡⲛⲛⲏ	1	1	4.6416637E-5	NaN	NaN	9.2833274E-5
ⲕⲣⲟϥ	1	1	4.6416637E-5	NaN	NaN	9.2833274E-5
ⲕⲣⲟⲕⲟⲥ	1	1	4.6416637E-5	NaN	NaN	9.2833274E-5
ⲗⲁⲃⲁⲛ	1	1	4.6416637E-5	NaN	NaN	9.2833274E-5
ⲗⲉⲗⲟⲩ	1	1	4.6416637E-5	NaN	NaN	9.2833274E-5
ⲗⲏⲥⲧⲏⲥ	1	1	4.6416637E-5	NaN	NaN	9.2833274E-5
ⲗⲓⲃⲁⲛⲟⲥ	1	1	4.6416637E-5	NaN	NaN	9.2833274E-5
ⲗⲟⲃⲉⲛⲓ	1	1	4.6416637E-5	NaN	NaN	9.2833274E-5
ⲗⲩⲡⲏ	1	1	4.6416637E-5	NaN	NaN	9.2833274E-5
ⲗⲱϫϭ	1	1	4.6416637E-5	NaN	NaN	9.2833274E-5
ⲙ	1	1	4.6416637E-5	NaN	NaN	9.2833274E-5
ⲙⲁⲁ	1	1	4.6416637E-5	NaN	NaN	9.2833274E-5
ⲙⲁⲉⲩϫⲏϩ	1	1	4.6416637E-5	NaN	NaN	9.2833274E-5
ⲙⲁⲏⲗ	1	1	4.6416637E-5	NaN	NaN	9.2833274E-5
ⲙⲁⲗⲓⲥⲧⲁ	1	1	4.6416637E-5	NaN	NaN	9.2833274E-5
ⲙⲁⲗⲗⲟⲛ	1	1	4.6416637E-5	NaN	NaN	9.2833274E-5
ⲙⲁⲙⲡⲱⲧ	1	1	4.6416637E-5	NaN	NaN	9.2833274E-5
ⲙⲁⲣⲑⲁ	1	1	4.6416637E-5	NaN	NaN	9.2833274E-5
ⲙⲁⲣⲛ	1	1	4.6416637E-5	NaN	NaN	9.2833274E-5
ⲙⲁⲣⲟⲩⲛⲟϫ	1	1	4.6416637E-5	NaN	NaN	9.2833274E-5
ⲙⲁⲣⲟⲩⲟⲩⲉϩⲛⲁⲩ	1	1	4.6416637E-5	NaN	NaN	9.2833274E-5
ⲙⲁⲥⲥⲁⲓⲁⲥ	1	1	4.6416637E-5	NaN	NaN	9.2833274E-5
ⲙⲁⲥⲥⲏⲫⲁ	1	1	4.6416637E-5	NaN	NaN	9.2833274E-5
ⲙⲁⲥⲧⲓⲅⲝ	1	1	4.6416637E-5	NaN	NaN	9.2833274E-5
ⲙⲁⲩⲁⲁ	1	1	4.6416637E-5	NaN	NaN	9.2833274E-5
ⲙⲉϣⲧⲡ	1	1	4.6416637E-5	NaN	NaN	9.2833274E-5
ⲙⲉϩⲛⲉⲛ	1	1	4.6416637E-5	NaN	NaN	9.2833274E-5
ⲙⲉⲉⲓ	1	1	4.6416637E-5	NaN	NaN	9.2833274E-5
ⲙⲉⲕϩ	1	1	4.6416637E-5	NaN	NaN	9.2833274E-5
ⲙⲉⲛⲧⲉ	1	1	4.6416637E-5	NaN	NaN	9.2833274E-5
ⲙⲉⲣⲓⲧ	1	1	4.6416637E-5	NaN	NaN	9.2833274E-5
ⲙⲏⲧ	1	1	4.6416637E-5	NaN	NaN	9.2833274E-5
ⲙⲓϣⲉ	1	1	4.6416637E-5	NaN	NaN	9.2833274E-5
ⲙⲓⲥⲉ	1	1	4.6416637E-5	NaN	NaN	9.2833274E-5
ⲙⲕⲁϩ	1	1	4.6416637E-5	NaN	NaN	9.2833274E-5
ⲙⲙⲁⲭⲓⲣ	1	1	4.6416637E-5	NaN	NaN	9.2833274E-5
ⲙⲙⲉⲙⲫⲓⲃⲟⲥⲑⲉ	1	1	4.6416637E-5	NaN	NaN	9.2833274E-5
ⲙⲙⲏⲛⲉ	1	1	4.6416637E-5	NaN	NaN	9.2833274E-5
ⲙⲙⲟⲭⲥ	1	1	4.6416637E-5	NaN	NaN	9.2833274E-5
ⲙⲛⲓⲉⲣⲟⲃⲟⲁⲗ	1	1	4.6416637E-5	NaN	NaN	9.2833274E-5
ⲙⲛⲛ	1	1	4.6416637E-5	NaN	NaN	9.2833274E-5
ⲙⲛⲧⲁⲧϩⲏⲧ	1	1	4.6416637E-5	NaN	NaN	9.2833274E-5
ⲙⲛⲧⲉ	1	1	4.6416637E-5	NaN	NaN	9.2833274E-5
ⲙⲛⲧⲕⲟⲥⲙⲓⲕⲟⲛ	1	1	4.6416637E-5	NaN	NaN	9.2833274E-5
ⲙⲛⲧⲛⲟϭ	1	1	4.6416637E-5	NaN	NaN	9.2833274E-5
ⲙⲛⲧⲣⲉϥϫⲛⲁⲁⲩ	1	1	4.6416637E-5	NaN	NaN	9.2833274E-5
ⲙⲛⲧⲣⲟⲟⲩⲛⲉ	1	1	4.6416637E-5	NaN	NaN	9.2833274E-5
ⲙⲛⲧⲣⲣⲟ	1	1	4.6416637E-5	NaN	NaN	9.2833274E-5
ⲙⲛⲱⲛ	1	1	4.6416637E-5	NaN	NaN	9.2833274E-5
ⲙⲟⲕϩ	1	1	4.6416637E-5	NaN	NaN	9.2833274E-5
ⲙⲟⲕⲙⲉⲕ	1	1	4.6416637E-5	NaN	NaN	9.2833274E-5
ⲙⲟⲛⲟⲛ	1	1	4.6416637E-5	NaN	NaN	9.2833274E-5
ⲙⲟⲟⲩ	1	1	4.6416637E-5	NaN	NaN	9.2833274E-5
ⲙⲟⲩⲓ	1	1	4.6416637E-5	NaN	NaN	9.2833274E-5
ⲙⲡϥϯ	1	1	4.6416637E-5	NaN	NaN	9.2833274E-5
ⲙⲡϥⲉϣϭⲙϭⲟⲙ	1	1	4.6416637E-5	NaN	NaN	9.2833274E-5
ⲙⲡⲁϣⲏⲗ	1	1	4.6416637E-5	NaN	NaN	9.2833274E-5
ⲙⲡⲁⲧⲉ	1	1	4.6416637E-5	NaN	NaN	9.2833274E-5
ⲙⲡⲉⲗϭⲱⲃ	1	1	4.6416637E-5	NaN	NaN	9.2833274E-5
ⲙⲡⲉⲛⲧⲁⲩ	1	1	4.6416637E-5	NaN	NaN	9.2833274E-5
ⲙⲡⲉⲣϫⲓⲧ	1	1	4.6416637E-5	NaN	NaN	9.2833274E-5
ⲙⲡⲕⲕⲟⲧ	1	1	4.6416637E-5	NaN	NaN	9.2833274E-5
ⲙⲡⲟⲩⲏⲛ	1	1	4.6416637E-5	NaN	NaN	9.2833274E-5
ⲙⲡⲣⲟϩⲓⲥⲧⲁ	1	1	4.6416637E-5	NaN	NaN	9.2833274E-5
ⲙⲣⲡ	1	1	4.6416637E-5	NaN	NaN	9.2833274E-5
ⲙⲣⲱ	1	1	4.6416637E-5	NaN	NaN	9.2833274E-5
ⲙⲧⲟⲛ	1	1	4.6416637E-5	NaN	NaN	9.2833274E-5
ⲙⲱⲩⲥⲏⲥ	1	1	4.6416637E-5	NaN	NaN	9.2833274E-5
ⲛϣⲟⲡⲥ	1	1	4.6416637E-5	NaN	NaN	9.2833274E-5
ⲛϥⲟϫⲛⲉϥ	1	1	4.6416637E-5	NaN	NaN	9.2833274E-5
ⲛϥⲧⲉⲙⲉⲓ	1	1	4.6416637E-5	NaN	NaN	9.2833274E-5
ⲛϥⲧⲉⲙⲱϫⲛ	1	1	4.6416637E-5	NaN	NaN	9.2833274E-5
ⲛϩⲉⲛ	1	1	4.6416637E-5	NaN	NaN	9.2833274E-5
ⲛϩⲏⲗⲓϩⲛ	1	1	4.6416637E-5	NaN	NaN	9.2833274E-5
ⲛϩⲟⲩⲛ	1	1	4.6416637E-5	NaN	NaN	9.2833274E-5
ⲛϩⲣⲁⲫⲁ	1	1	4.6416637E-5	NaN	NaN	9.2833274E-5
ⲛϩⲣⲟⲩⲃ	1	1	4.6416637E-5	NaN	NaN	9.2833274E-5
ⲛϩⲱⲣⲁ	1	1	4.6416637E-5	NaN	NaN	9.2833274E-5
ⲛⲁⲑⲁⲛ	1	1	4.6416637E-5	NaN	NaN	9.2833274E-5
ⲛⲁⲕⲁⲑⲟⲛ	1	1	4.6416637E-5	NaN	NaN	9.2833274E-5
ⲛⲁⲕⲗⲏⲣⲟⲛⲟⲙⲓ	1	1	4.6416637E-5	NaN	NaN	9.2833274E-5
ⲛⲁⲕⲟⲧ	1	1	4.6416637E-5	NaN	NaN	9.2833274E-5
ⲛⲁⲙⲙⲱⲛ	1	1	4.6416637E-5	NaN	NaN	9.2833274E-5
ⲛⲁⲙⲛⲱⲛ	1	1	4.6416637E-5	NaN	NaN	9.2833274E-5
ⲛⲁⲣϫⲟⲟⲗⲥ	1	1	4.6416637E-5	NaN	NaN	9.2833274E-5
ⲛⲁⲣⲁⲑⲏⲧ	1	1	4.6416637E-5	NaN	NaN	9.2833274E-5
ⲛⲁⲣⲓⲥⲧⲟⲃⲟⲩⲗⲟⲥ	1	1	4.6416637E-5	NaN	NaN	9.2833274E-5
ⲛⲁⲣⲕⲓⲥⲥⲟⲥ	1	1	4.6416637E-5	NaN	NaN	9.2833274E-5
ⲛⲁⲥⲁⲣⲁⲭ	1	1	4.6416637E-5	NaN	NaN	9.2833274E-5
ⲛⲁⲭⲓⲙⲉⲗⲉⲭ	1	1	4.6416637E-5	NaN	NaN	9.2833274E-5
ⲛⲃⲁⲗⲁⲃⲉⲣⲓⲑ	1	1	4.6416637E-5	NaN	NaN	9.2833274E-5
ⲛⲃⲑⲣⲣⲉ	1	1	4.6416637E-5	NaN	NaN	9.2833274E-5
ⲛⲅ	1	1	4.6416637E-5	NaN	NaN	9.2833274E-5
ⲛⲅϩⲛⲧⲕ	1	1	4.6416637E-5	NaN	NaN	9.2833274E-5
ⲛⲅⲁⲙⲁⲣⲓⲁⲥ	1	1	4.6416637E-5	NaN	NaN	9.2833274E-5
ⲛⲅⲉⲑ	1	1	4.6416637E-5	NaN	NaN	9.2833274E-5
ⲛⲅⲉⲓⲁⲣⲁⲧⲕ	1	1	4.6416637E-5	NaN	NaN	9.2833274E-5
ⲛⲅⲱⲃⲉ	1	1	4.6416637E-5	NaN	NaN	9.2833274E-5
ⲛⲉϣⲱⲧ	1	1	4.6416637E-5	NaN	NaN	9.2833274E-5
ⲛⲉϥⲉϣⲟⲩⲱⲛ	1	1	4.6416637E-5	NaN	NaN	9.2833274E-5
ⲛⲉϩⲃⲱ	1	1	4.6416637E-5	NaN	NaN	9.2833274E-5
ⲛⲉϩⲥⲉ	1	1	4.6416637E-5	NaN	NaN	9.2833274E-5
ⲛⲉϫⲡ	1	1	4.6416637E-5	NaN	NaN	9.2833274E-5
ⲛⲉⲓⲃⲁⲓⲛⲁϩⲃ	1	1	4.6416637E-5	NaN	NaN	9.2833274E-5
ⲛⲉⲓⲕⲏⲉⲩⲉ	1	1	4.6416637E-5	NaN	NaN	9.2833274E-5
ⲛⲉⲕⲣⲟⲩⲣ	1	1	4.6416637E-5	NaN	NaN	9.2833274E-5
ⲛⲉⲛⲧ	1	1	4.6416637E-5	NaN	NaN	9.2833274E-5
ⲛⲉⲛⲧⲁⲛⲉⲕ	1	1	4.6416637E-5	NaN	NaN	9.2833274E-5
ⲛⲉⲣⲥⲟⲟⲩⲉ	1	1	4.6416637E-5	NaN	NaN	9.2833274E-5
ⲛⲉⲩϭⲛ	1	1	4.6416637E-5	NaN	NaN	9.2833274E-5
ⲛⲉⲩⲙⲟⲣ	1	1	4.6416637E-5	NaN	NaN	9.2833274E-5
ⲛⲉⲫⲣⲁⲓⲙ	1	1	4.6416637E-5	NaN	NaN	9.2833274E-5
ⲛⲉⲫⲩⲗⲟⲟⲩⲉ	1	1	4.6416637E-5	NaN	NaN	9.2833274E-5
ⲛⲍⲁⲙⲃⲣⲉⲓ	1	1	4.6416637E-5	NaN	NaN	9.2833274E-5
ⲛⲍⲁⲙⲃⲣⲓ	1	1	4.6416637E-5	NaN	NaN	9.2833274E-5
ⲛⲍⲁⲣⲁⲉⲓ	1	1	4.6416637E-5	NaN	NaN	9.2833274E-5
ⲛⲏⲩ	1	1	4.6416637E-5	NaN	NaN	9.2833274E-5
ⲛⲑⲁⲙⲁⲣ	1	1	4.6416637E-5	NaN	NaN	9.2833274E-5
ⲛⲓⲁⲥⲱⲛ	1	1	4.6416637E-5	NaN	NaN	9.2833274E-5
ⲛⲓⲉⲃⲟⲩⲥⲑⲉ	1	1	4.6416637E-5	NaN	NaN	9.2833274E-5
ⲛⲓⲉⲙⲛ	1	1	4.6416637E-5	NaN	NaN	9.2833274E-5
ⲛⲓⲱⲥⲏⲡ	1	1	4.6416637E-5	NaN	NaN	9.2833274E-5
ⲛⲕⲏⲣⲁ	1	1	4.6416637E-5	NaN	NaN	9.2833274E-5
ⲛⲗⲁⲕⲱⲛⲏ	1	1	4.6416637E-5	NaN	NaN	9.2833274E-5
ⲛⲙⲡ	1	1	4.6416637E-5	NaN	NaN	9.2833274E-5
ⲛⲙⲧ	1	1	4.6416637E-5	NaN	NaN	9.2833274E-5
ⲛⲛⲓⲙ	1	1	4.6416637E-5	NaN	NaN	9.2833274E-5
ⲛⲛⲛⲧⲁⲩ	1	1	4.6416637E-5	NaN	NaN	9.2833274E-5
ⲛⲟϫⲧ	1	1	4.6416637E-5	NaN	NaN	9.2833274E-5
ⲛⲟⲙⲓⲙⲟⲛ	1	1	4.6416637E-5	NaN	NaN	9.2833274E-5
ⲛⲟⲩϫ	1	1	4.6416637E-5	NaN	NaN	9.2833274E-5
ⲛⲟⲩⲃ	1	1	4.6416637E-5	NaN	NaN	9.2833274E-5
ⲛⲣⲙⲛ	1	1	4.6416637E-5	NaN	NaN	9.2833274E-5
ⲛⲣⲙⲛϣϭⲟⲣ	1	1	4.6416637E-5	NaN	NaN	9.2833274E-5
ⲛⲣⲱϥ	1	1	4.6416637E-5	NaN	NaN	9.2833274E-5
ⲛⲥϯ	1	1	4.6416637E-5	NaN	NaN	9.2833274E-5
ⲛⲥⲁⲗⲱⲙ	1	1	4.6416637E-5	NaN	NaN	9.2833274E-5
ⲛⲥⲁⲫⲁⲛ	1	1	4.6416637E-5	NaN	NaN	9.2833274E-5
ⲛⲥⲏⲱⲛ	1	1	4.6416637E-5	NaN	NaN	9.2833274E-5
ⲛⲥⲓⲃⲁ	1	1	4.6416637E-5	NaN	NaN	9.2833274E-5
ⲛⲥⲓⲫ	1	1	4.6416637E-5	NaN	NaN	9.2833274E-5
ⲛⲥⲩⲭⲉⲙ	1	1	4.6416637E-5	NaN	NaN	9.2833274E-5
ⲛⲧⲁ	1	1	4.6416637E-5	NaN	NaN	9.2833274E-5
ⲛⲧⲉⲧⲛ	1	1	4.6416637E-5	NaN	NaN	9.2833274E-5
ⲛⲧⲛ	1	1	4.6416637E-5	NaN	NaN	9.2833274E-5
ⲛⲧⲟⲟⲩⲛ	1	1	4.6416637E-5	NaN	NaN	9.2833274E-5
ⲛⲧⲣⲁϩ	1	1	4.6416637E-5	NaN	NaN	9.2833274E-5
ⲛⲧⲱⲣⲧⲣ	1	1	4.6416637E-5	NaN	NaN	9.2833274E-5
ⲛⲭⲁⲃⲉⲣ	1	1	4.6416637E-5	NaN	NaN	9.2833274E-5
ⲛⲱⲛ	1	1	4.6416637E-5	NaN	NaN	9.2833274E-5
ⲟϣϥ	1	1	4.6416637E-5	NaN	NaN	9.2833274E-5
ⲟϣⲟⲩ	1	1	4.6416637E-5	NaN	NaN	9.2833274E-5
ⲟⲉⲓϣ	1	1	4.6416637E-5	NaN	NaN	9.2833274E-5
ⲟⲉⲓⲕ	1	1	4.6416637E-5	NaN	NaN	9.2833274E-5
ⲟⲓ	1	1	4.6416637E-5	NaN	NaN	9.2833274E-5
ⲟⲙⲉ	1	1	4.6416637E-5	NaN	NaN	9.2833274E-5
ⲟⲙⲟⲩⲥⲉⲓ	1	1	4.6416637E-5	NaN	NaN	9.2833274E-5
ⲟⲥⲉ	1	1	4.6416637E-5	NaN	NaN	9.2833274E-5
ⲟⲥⲟ	1	1	4.6416637E-5	NaN	NaN	9.2833274E-5
ⲟⲩϣⲟⲛⲧ	1	1	4.6416637E-5	NaN	NaN	9.2833274E-5
ⲟⲩϥⲁⲓ	1	1	4.6416637E-5	NaN	NaN	9.2833274E-5
ⲟⲩϩⲟⲣ	1	1	4.6416637E-5	NaN	NaN	9.2833274E-5
ⲟⲩϫⲃⲓⲛ	1	1	4.6416637E-5	NaN	NaN	9.2833274E-5
ⲟⲩⲁϣⲕⲁⲕ	1	1	4.6416637E-5	NaN	NaN	9.2833274E-5
ⲟⲩⲉϣϥ	1	1	4.6416637E-5	NaN	NaN	9.2833274E-5
ⲟⲩⲉϭⲣⲟ	1	1	4.6416637E-5	NaN	NaN	9.2833274E-5
ⲟⲩⲕⲓⲛⲁⲙⲱⲙⲟⲛ	1	1	4.6416637E-5	NaN	NaN	9.2833274E-5
ⲟⲩⲕⲱϩ	1	1	4.6416637E-5	NaN	NaN	9.2833274E-5
ⲟⲩⲙⲁⲥ	1	1	4.6416637E-5	NaN	NaN	9.2833274E-5
ⲟⲩⲛϯ	1	1	4.6416637E-5	NaN	NaN	9.2833274E-5
ⲟⲩⲛⲟϥ	1	1	4.6416637E-5	NaN	NaN	9.2833274E-5
ⲟⲩⲛⲟⲩ	1	1	4.6416637E-5	NaN	NaN	9.2833274E-5
ⲟⲩⲟϣϥⲧ	1	1	4.6416637E-5	NaN	NaN	9.2833274E-5
ⲟⲩⲟⲉⲓϣ	1	1	4.6416637E-5	NaN	NaN	9.2833274E-5
ⲟⲩⲟⲉⲓⲛ	1	1	4.6416637E-5	NaN	NaN	9.2833274E-5
ⲟⲩⲡⲁⲗⲇⲁⲗⲓⲥ	1	1	4.6416637E-5	NaN	NaN	9.2833274E-5
ⲟⲩⲣⲙⲧⲁⲣⲥⲟⲥ	1	1	4.6416637E-5	NaN	NaN	9.2833274E-5
ⲟⲩⲥ	1	1	4.6416637E-5	NaN	NaN	9.2833274E-5
ⲟⲩⲧⲁϩ	1	1	4.6416637E-5	NaN	NaN	9.2833274E-5
ⲟⲩⲱⲧϩ	1	1	4.6416637E-5	NaN	NaN	9.2833274E-5
ⲟⲩⲱⲧⲃ	1	1	4.6416637E-5	NaN	NaN	9.2833274E-5
ⲟⲩⲱⲱⲗⲉ	1	1	4.6416637E-5	NaN	NaN	9.2833274E-5
ⲡϭⲙϣⲓⲛⲉ	1	1	4.6416637E-5	NaN	NaN	9.2833274E-5
ⲡⲁϣⲉ	1	1	4.6416637E-5	NaN	NaN	9.2833274E-5
ⲡⲁϩⲟⲩ	1	1	4.6416637E-5	NaN	NaN	9.2833274E-5
ⲡⲁⲛⲧⲱⲕⲣⲁⲧⲱⲣ	1	1	4.6416637E-5	NaN	NaN	9.2833274E-5
ⲡⲁⲣⲁ	1	1	4.6416637E-5	NaN	NaN	9.2833274E-5
ⲡⲁⲣⲁⲛⲟⲙⲟⲥ	1	1	4.6416637E-5	NaN	NaN	9.2833274E-5
ⲡⲁⲧ	1	1	4.6416637E-5	NaN	NaN	9.2833274E-5
ⲡⲅⲉⲑⲁⲓⲟⲥ	1	1	4.6416637E-5	NaN	NaN	9.2833274E-5
ⲡⲉⲛⲧⲁ	1	1	4.6416637E-5	NaN	NaN	9.2833274E-5
ⲡⲉⲧϩⲟⲟⲩ	1	1	4.6416637E-5	NaN	NaN	9.2833274E-5
ⲡⲏ	1	1	4.6416637E-5	NaN	NaN	9.2833274E-5
ⲡⲏⲥⲥⲉ	1	1	4.6416637E-5	NaN	NaN	9.2833274E-5
ⲡⲓⲁ	1	1	4.6416637E-5	NaN	NaN	9.2833274E-5
ⲡⲓⲥⲧⲉⲩⲉ	1	1	4.6416637E-5	NaN	NaN	9.2833274E-5
ⲡⲓⲥⲧⲓⲥ	1	1	4.6416637E-5	NaN	NaN	9.2833274E-5
ⲡⲓⲥⲧⲟⲥ	1	1	4.6416637E-5	NaN	NaN	9.2833274E-5
ⲡⲕⲉⲑⲁⲓⲟⲥ	1	1	4.6416637E-5	NaN	NaN	9.2833274E-5
ⲡⲕⲓⲛⲛⲁⲓⲟⲥ	1	1	4.6416637E-5	NaN	NaN	9.2833274E-5
ⲡⲗⲁⲛⲁ	1	1	4.6416637E-5	NaN	NaN	9.2833274E-5
ⲡⲗⲁⲛⲏ	1	1	4.6416637E-5	NaN	NaN	9.2833274E-5
ⲡⲗⲏⲛ	1	1	4.6416637E-5	NaN	NaN	9.2833274E-5
ⲡⲗⲱⲃϣ	1	1	4.6416637E-5	NaN	NaN	9.2833274E-5
ⲡⲙⲉϩⲥⲛⲁⲩ	1	1	4.6416637E-5	NaN	NaN	9.2833274E-5
ⲡⲙⲉⲥϩⲛⲏⲓ	1	1	4.6416637E-5	NaN	NaN	9.2833274E-5
ⲡⲛⲉⲩⲙⲁ	1	1	4.6416637E-5	NaN	NaN	9.2833274E-5
ⲡⲛⲉⲩⲙⲁⲧⲓⲕⲟⲛ	1	1	4.6416637E-5	NaN	NaN	9.2833274E-5
ⲡⲛⲉⲭⲱⲑⲁ	1	1	4.6416637E-5	NaN	NaN	9.2833274E-5
ⲡⲛⲏ	1	1	4.6416637E-5	NaN	NaN	9.2833274E-5
ⲡⲟⲛⲏⲣⲓⲁ	1	1	4.6416637E-5	NaN	NaN	9.2833274E-5
ⲡⲟⲛⲏⲣⲟⲥ	1	1	4.6416637E-5	NaN	NaN	9.2833274E-5
ⲡⲟⲣⲛⲉⲓⲁ	1	1	4.6416637E-5	NaN	NaN	9.2833274E-5
ⲡⲣⲁⲝⲓⲥ	1	1	4.6416637E-5	NaN	NaN	9.2833274E-5
ⲡⲣⲉⲡⲉⲓ	1	1	4.6416637E-5	NaN	NaN	9.2833274E-5
ⲡⲣⲉⲥⲃⲩⲧⲉⲣⲟⲥ	1	1	4.6416637E-5	NaN	NaN	9.2833274E-5
ⲡⲣⲟϩⲓⲥⲧⲁ	1	1	4.6416637E-5	NaN	NaN	9.2833274E-5
ⲡⲣⲟⲫⲏⲧⲉⲩⲉ	1	1	4.6416637E-5	NaN	NaN	9.2833274E-5
ⲡⲧⲣⲉϥⲙⲟⲩ	1	1	4.6416637E-5	NaN	NaN	9.2833274E-5
ⲡⲧⲱϣ	1	1	4.6416637E-5	NaN	NaN	9.2833274E-5
ⲡⲩⲅⲏ	1	1	4.6416637E-5	NaN	NaN	9.2833274E-5
ⲡⲱϩ	1	1	4.6416637E-5	NaN	NaN	9.2833274E-5
ⲡⲱⲣϣ	1	1	4.6416637E-5	NaN	NaN	9.2833274E-5
ⲡⲱⲧⲉⲡⲉⲩ	1	1	4.6416637E-5	NaN	NaN	9.2833274E-5
ⲣ	1	1	4.6416637E-5	NaN	NaN	9.2833274E-5
ⲣϣⲁ	1	1	4.6416637E-5	NaN	NaN	9.2833274E-5
ⲣϣⲁⲩ	1	1	4.6416637E-5	NaN	NaN	9.2833274E-5
ⲣϣⲟⲣⲡ	1	1	4.6416637E-5	NaN	NaN	9.2833274E-5
ⲣϩⲁϩ	1	1	4.6416637E-5	NaN	NaN	9.2833274E-5
ⲣϩⲙⲟⲧ	1	1	4.6416637E-5	NaN	NaN	9.2833274E-5
ⲣϩⲟⲩⲉ	1	1	4.6416637E-5	NaN	NaN	9.2833274E-5
ⲣϫⲟⲉⲓⲥ	1	1	4.6416637E-5	NaN	NaN	9.2833274E-5
ⲣⲁⲙⲙⲁⲧⲓⲟⲛ	1	1	4.6416637E-5	NaN	NaN	9.2833274E-5
ⲣⲃⲟⲗ	1	1	4.6416637E-5	NaN	NaN	9.2833274E-5
ⲣⲉϥϫⲓⲛϭⲟⲛⲥ	1	1	4.6416637E-5	NaN	NaN	9.2833274E-5
ⲣⲉϥⲡⲁⲧⲁⲥⲥⲉ	1	1	4.6416637E-5	NaN	NaN	9.2833274E-5
ⲣⲉϥⲥⲁϩⲟⲩ	1	1	4.6416637E-5	NaN	NaN	9.2833274E-5
ⲣⲉϥⲥⲱϣ	1	1	4.6416637E-5	NaN	NaN	9.2833274E-5
ⲣⲉϥⲧⲁϣⲉⲟⲉⲓϣ	1	1	4.6416637E-5	NaN	NaN	9.2833274E-5
ⲣⲕⲃⲁ	1	1	4.6416637E-5	NaN	NaN	9.2833274E-5
ⲣⲙⲉⲛ	1	1	4.6416637E-5	NaN	NaN	9.2833274E-5
ⲣⲙⲙⲁⲟ	1	1	4.6416637E-5	NaN	NaN	9.2833274E-5
ⲣⲙⲟⲛⲁⲭⲟⲥ	1	1	4.6416637E-5	NaN	NaN	9.2833274E-5
ⲣⲙⲡⲁⲙⲉⲣⲣⲓⲧ	1	1	4.6416637E-5	NaN	NaN	9.2833274E-5
ⲣⲟⲕϩⲉ	1	1	4.6416637E-5	NaN	NaN	9.2833274E-5
ⲣⲟⲟⲩϣ	1	1	4.6416637E-5	NaN	NaN	9.2833274E-5
ⲣⲟⲩⲏⲏⲃ	1	1	4.6416637E-5	NaN	NaN	9.2833274E-5
ⲣⲣⲱⲟⲩ	1	1	4.6416637E-5	NaN	NaN	9.2833274E-5
ⲣⲧϩⲉ	1	1	4.6416637E-5	NaN	NaN	9.2833274E-5
ⲣⲭⲣⲉⲓⲁ	1	1	4.6416637E-5	NaN	NaN	9.2833274E-5
ⲣⲱ	1	1	4.6416637E-5	NaN	NaN	9.2833274E-5
ⲥϩⲱⲣⲕ	1	1	4.6416637E-5	NaN	NaN	9.2833274E-5
ⲥⲁϣϥ	1	1	4.6416637E-5	NaN	NaN	9.2833274E-5
ⲥⲁϩⲛⲉ	1	1	4.6416637E-5	NaN	NaN	9.2833274E-5
ⲥⲁⲃⲁⲱⲑ	1	1	4.6416637E-5	NaN	NaN	9.2833274E-5
ⲥⲁⲃⲏ	1	1	4.6416637E-5	NaN	NaN	9.2833274E-5
ⲥⲁⲇⲱⲕⲉϩⲣⲁⲓ	1	1	4.6416637E-5	NaN	NaN	9.2833274E-5
ⲥⲁⲣⲣⲁ	1	1	4.6416637E-5	NaN	NaN	9.2833274E-5
ⲥⲁⲧⲉ	1	1	4.6416637E-5	NaN	NaN	9.2833274E-5
ⲥⲃⲱ	1	1	4.6416637E-5	NaN	NaN	9.2833274E-5
ⲥⲉϩⲛ	1	1	4.6416637E-5	NaN	NaN	9.2833274E-5
ⲥⲉⲓ	1	1	4.6416637E-5	NaN	NaN	9.2833274E-5
ⲥⲉⲛⲁ	1	1	4.6416637E-5	NaN	NaN	9.2833274E-5
ⲥⲉⲛⲁⲛⲟⲕϫ	1	1	4.6416637E-5	NaN	NaN	9.2833274E-5
ⲥⲉⲡ	1	1	4.6416637E-5	NaN	NaN	9.2833274E-5
ⲥⲉⲧⲥⲟⲃⲉ	1	1	4.6416637E-5	NaN	NaN	9.2833274E-5
ⲥⲏⲃⲉ	1	1	4.6416637E-5	NaN	NaN	9.2833274E-5
ⲥⲓⲟⲩ	1	1	4.6416637E-5	NaN	NaN	9.2833274E-5
ⲥⲓⲟⲩⲣ	1	1	4.6416637E-5	NaN	NaN	9.2833274E-5
ⲥⲓⲱⲛ	1	1	4.6416637E-5	NaN	NaN	9.2833274E-5
ⲥⲕⲉⲡⲁⲍⲉ	1	1	4.6416637E-5	NaN	NaN	9.2833274E-5
ⲥⲕⲉⲩⲏ	1	1	4.6416637E-5	NaN	NaN	9.2833274E-5
ⲥⲕⲏⲛⲏ	1	1	4.6416637E-5	NaN	NaN	9.2833274E-5
ⲥⲕⲟⲡⲟⲥ	1	1	4.6416637E-5	NaN	NaN	9.2833274E-5
ⲥⲕⲩⲛⲏ	1	1	4.6416637E-5	NaN	NaN	9.2833274E-5
ⲥⲙ	1	1	4.6416637E-5	NaN	NaN	9.2833274E-5
ⲥⲛⲟϥ	1	1	4.6416637E-5	NaN	NaN	9.2833274E-5
ⲥⲟϭ	1	1	4.6416637E-5	NaN	NaN	9.2833274E-5
ⲥⲟⲗⲥⲗ	1	1	4.6416637E-5	NaN	NaN	9.2833274E-5
ⲥⲟⲡⲥⲡ	1	1	4.6416637E-5	NaN	NaN	9.2833274E-5
ⲥⲟⲧ	1	1	4.6416637E-5	NaN	NaN	9.2833274E-5
ⲥⲟⲩⲟ	1	1	4.6416637E-5	NaN	NaN	9.2833274E-5
ⲥⲡⲓⲣ	1	1	4.6416637E-5	NaN	NaN	9.2833274E-5
ⲥⲡⲟⲩⲇⲁⲍⲉ	1	1	4.6416637E-5	NaN	NaN	9.2833274E-5
ⲥⲧⲉⲓⲱϩⲉ	1	1	4.6416637E-5	NaN	NaN	9.2833274E-5
ⲥⲩⲅⲅⲉⲛⲏⲥ	1	1	4.6416637E-5	NaN	NaN	9.2833274E-5
ⲥⲩⲅⲅⲉⲛⲓⲁ	1	1	4.6416637E-5	NaN	NaN	9.2833274E-5
ⲥⲩⲙⲉⲱⲛ	1	1	4.6416637E-5	NaN	NaN	9.2833274E-5
ⲥⲱϭ	1	1	4.6416637E-5	NaN	NaN	9.2833274E-5
ⲥⲱⲛϩ	1	1	4.6416637E-5	NaN	NaN	9.2833274E-5
ⲥⲱⲛⲉ	1	1	4.6416637E-5	NaN	NaN	9.2833274E-5
ⲥⲱⲛⲧ	1	1	4.6416637E-5	NaN	NaN	9.2833274E-5
ⲥⲱⲧ	1	1	4.6416637E-5	NaN	NaN	9.2833274E-5
ⲥⲱⲧⲉ	1	1	4.6416637E-5	NaN	NaN	9.2833274E-5
ⲧϩⲛ	1	1	4.6416637E-5	NaN	NaN	9.2833274E-5
ⲧⲁ	1	1	4.6416637E-5	NaN	NaN	9.2833274E-5
ⲧⲁϫⲓⲧ	1	1	4.6416637E-5	NaN	NaN	9.2833274E-5
ⲧⲁϫⲱⲕ	1	1	4.6416637E-5	NaN	NaN	9.2833274E-5
ⲧⲁⲗⲉ	1	1	4.6416637E-5	NaN	NaN	9.2833274E-5
ⲧⲁⲙⲉⲓⲟⲛ	1	1	4.6416637E-5	NaN	NaN	9.2833274E-5
ⲧⲁⲙⲓⲟⲛ	1	1	4.6416637E-5	NaN	NaN	9.2833274E-5
ⲧⲁⲛϩⲟ	1	1	4.6416637E-5	NaN	NaN	9.2833274E-5
ⲧⲁⲫⲛⲁⲥ	1	1	4.6416637E-5	NaN	NaN	9.2833274E-5
ⲧⲁⲫⲟⲥ	1	1	4.6416637E-5	NaN	NaN	9.2833274E-5
ⲧⲃⲉ	1	1	4.6416637E-5	NaN	NaN	9.2833274E-5
ⲧⲇⲓⲁⲑⲩ	1	1	4.6416637E-5	NaN	NaN	9.2833274E-5
ⲧⲉⲗⲱⲛⲏⲥ	1	1	4.6416637E-5	NaN	NaN	9.2833274E-5
ⲧⲉⲥⲱⲟⲩϩ	1	1	4.6416637E-5	NaN	NaN	9.2833274E-5
ⲧⲕⲟⲓⲃⲱⲧⲟⲥ	1	1	4.6416637E-5	NaN	NaN	9.2833274E-5
ⲧⲙⲛⲟⲟⲧⲉ	1	1	4.6416637E-5	NaN	NaN	9.2833274E-5
ⲧⲛⲛⲟⲟⲩ	1	1	4.6416637E-5	NaN	NaN	9.2833274E-5
ⲧⲟⲉⲓⲧ	1	1	4.6416637E-5	NaN	NaN	9.2833274E-5
ⲧⲟⲡⲟⲥ	1	1	4.6416637E-5	NaN	NaN	9.2833274E-5
ⲧⲟⲧⲉ	1	1	4.6416637E-5	NaN	NaN	9.2833274E-5
ⲧⲟⲩⲁⲥϥⲉ	1	1	4.6416637E-5	NaN	NaN	9.2833274E-5
ⲧⲟⲩⲉϩⲥⲟⲓ	1	1	4.6416637E-5	NaN	NaN	9.2833274E-5
ⲧⲟⲩⲱ	1	1	4.6416637E-5	NaN	NaN	9.2833274E-5
ⲧⲣⲉϥ	1	1	4.6416637E-5	NaN	NaN	9.2833274E-5
ⲧⲥⲁⲛⲟ	1	1	4.6416637E-5	NaN	NaN	9.2833274E-5
ⲧⲥⲟ	1	1	4.6416637E-5	NaN	NaN	9.2833274E-5
ⲧⲩⲙⲟⲥⲓⲁ	1	1	4.6416637E-5	NaN	NaN	9.2833274E-5
ⲧⲱϩⲙ	1	1	4.6416637E-5	NaN	NaN	9.2833274E-5
ⲧⲱϩⲥ	1	1	4.6416637E-5	NaN	NaN	9.2833274E-5
ⲧⲱⲃϩ	1	1	4.6416637E-5	NaN	NaN	9.2833274E-5
ⲧⲱⲙⲥ	1	1	4.6416637E-5	NaN	NaN	9.2833274E-5
ⲧⲱⲱⲃⲉ	1	1	4.6416637E-5	NaN	NaN	9.2833274E-5
ⲩϭⲣⲙⲡ	1	1	4.6416637E-5	NaN	NaN	9.2833274E-5
ⲩⲁⲣⲉϩ	1	1	4.6416637E-5	NaN	NaN	9.2833274E-5
ⲩⲛⲟϫⲧ	1	1	4.6416637E-5	NaN	NaN	9.2833274E-5
ⲩⲛⲟⲩ	1	1	4.6416637E-5	NaN	NaN	9.2833274E-5
ⲩⲟⲛϣⲟⲩ	1	1	4.6416637E-5	NaN	NaN	9.2833274E-5
ⲩⲟⲩⲛⲟϥ	1	1	4.6416637E-5	NaN	NaN	9.2833274E-5
ⲩⲟⲩⲟϣϥ	1	1	4.6416637E-5	NaN	NaN	9.2833274E-5
ⲩⲧⲁⲙⲉ	1	1	4.6416637E-5	NaN	NaN	9.2833274E-5
ⲩⲧⲏϭ	1	1	4.6416637E-5	NaN	NaN	9.2833274E-5
ⲩⲱ	1	1	4.6416637E-5	NaN	NaN	9.2833274E-5
ⲫⲁⲣⲉⲥ	1	1	4.6416637E-5	NaN	NaN	9.2833274E-5
ⲫⲉⲗⲗⲁⲕⲏ	1	1	4.6416637E-5	NaN	NaN	9.2833274E-5
ⲫⲓⲗⲓⲡⲡⲟⲥ	1	1	4.6416637E-5	NaN	NaN	9.2833274E-5
ⲭⲁⲣⲓⲥ	1	1	4.6416637E-5	NaN	NaN	9.2833274E-5
ⲭⲓⲙⲉⲗⲉⲭ	1	1	4.6416637E-5	NaN	NaN	9.2833274E-5
ⲭⲣⲏⲥⲓⲙⲟⲛ	1	1	4.6416637E-5	NaN	NaN	9.2833274E-5
ⲯⲁⲗⲙⲟⲥ	1	1	4.6416637E-5	NaN	NaN	9.2833274E-5
ⲱⲃϣ	1	1	4.6416637E-5	NaN	NaN	9.2833274E-5
ⲱⲇⲏ	1	1	4.6416637E-5	NaN	NaN	9.2833274E-5